100 395
97 82
3 23
47 19
40 31
20 89
10 48
51 29
34 25
25 39
41 85
83 6
12 94
75 35
94 10
31 82
2 52
1 10
76 3
32 60
86 45
25 58
32 70
74 4
96 24
74 98
48 81
87 60
2 53
96 54
66 29
70 43
57 67
3 81
34 32
83 44
92 75
99 26
7 75
90 77
70 62
11 56
49 75
29 63
76 92
7 40
98 67
37 64
17 53
98 95
27 74
63 19
2 38
37 76
52 20
28 44
85 46
61 4
34 37
21 68
52 23
7 20
24 56
100 79
29 11
62 10
18 88
52 24
78 27
19 70
27 69
1 71
3 89
27 65
96 70
12 65
35 18
74 28
51 63
55 43
57 25
13 25
83 66
21 97
73 48
71 46
81 89
74 9
17 74
21 92
31 27
21 5
87 14
96 9
90 71
19 16
20 33
26 42
39 83
63 50
91 27
33 62
90 27
28 13
22 82
5 12
37 74
74 16
83 9
46 68
54 21
75 90
48 86
20 9
54 77
22 93
12 9
83 43
27 10
26 94
60 63
26 25
12 100
68 76
23 6
54 39
65 49
66 53
60 100
66 2
52 66
96 91
60 79
54 95
63 53
5 31
63 52
81 98
36 17
16 77
69 74
41 18
2 61
100 39
1 33
19 78
12 72
64 96
40 14
36 31
6 29
86 64
33 75
21 96
68 36
42 93
25 38
93 27
60 20
46 8
31 53
76 59
1 29
98 61
8 15
63 65
87 34
73 64
44 1
34 80
2 11
23 71
85 11
40 87
72 71
51 62
9 60
47 31
15 51
49 5
2 25
74 25
78 66
10 80
74 10
55 36
54 66
63 33
16 9
92 35
3 13
79 49
35 88
71 37
45 90
33 77
11 49
55 54
4 98
14 80
60 8
29 58
70 25
23 72
61 11
82 17
33 10
19 76
41 25
59 22
13 89
32 48
3 5
43 41
76 96
13 33
38 39
91 33
43 19
85 61
58 26
72 8
25 8
66 86
79 1
5 93
38 76
30 11
55 9
73 52
69 24
2 93
69 99
40 41
92 63
1 53
67 54
94 33
38 84
67 45
34 82
72 78
14 15
25 1
95 26
58 21
10 93
84 30
10 34
36 74
42 39
45 58
72 88
53 88
82 84
4 65
80 6
28 29
80 58
68 23
63 35
10 44
36 84
89 54
74 59
64 100
77 84
49 17
66 64
21 14
22 8
99 49
35 82
88 23
7 80
69 57
15 81
62 82
98 17
68 77
84 81
9 70
29 71
57 1
41 76
46 38
46 49
23 27
64 39
9 30
51 64
100 73
46 23
18 85
82 48
8 9
92 100
29 98
40 53
47 67
98 70
50 53
33 34
83 22
71 51
97 7
2 90
80 21
10 43
97 53
4 73
60 69
86 53
77 27
23 53
46 4
17 33
61 26
45 93
9 80
71 36
85 79
42 56
14 78
56 81
75 86
26 24
45 47
17 40
35 80
95 63
59 56
64 30
8 31
57 19
48 80
15 58
30 1
67 96
91 81
19 40
67 74
38 44
9 17
11 87
65 26
69 91
11 19
21 98
49 15
28 17
50 20
62 46
22 92
27 50
73 32
33 81
58 53
47 64
35 83
74 62
62 87
18 55
33 11
94 46
52 41
63 98
71 94
21 100
16 51
54 28
63 94
84 4
46 87
68 62
48 89
95 56
68 56
39 51
82 26
47 65
80 96
41 57
82 53
79 74
73 7
74 70
56 10
87 69
28 96
1 100
53 94
1 87
50 71
51 3
50 48
