100 376
100 68
35 30
39 81
4 62
12 67
68 96
7 63
31 58
4 17
92 66
55 50
32 27
37 50
88 62
82 71
86 73
62 77
48 81
71 97
15 36
40 31
61 77
43 27
41 34
32 86
9 64
19 2
68 97
86 42
59 97
60 69
90 94
51 100
9 100
83 57
100 2
96 52
87 74
18 84
85 86
52 48
32 44
59 1
87 72
36 89
6 21
10 48
10 69
92 29
35 94
24 37
84 69
82 28
66 26
29 66
78 31
21 62
52 31
46 38
57 80
56 80
19 48
44 61
56 2
32 53
35 5
44 92
42 17
9 24
23 22
23 61
53 96
76 25
33 45
83 19
24 93
87 4
94 49
33 81
77 28
72 64
39 38
24 16
23 33
2 78
35 51
10 54
20 80
45 3
92 97
69 92
68 29
36 46
91 93
55 9
61 97
80 38
26 17
56 57
67 70
22 63
81 9
71 94
59 87
46 92
16 20
96 49
85 35
15 55
86 25
64 6
33 14
42 21
30 60
61 5
1 79
11 28
39 86
96 39
84 82
100 55
73 3
28 60
69 31
28 97
8 99
60 95
94 69
86 27
17 24
89 78
37 21
95 44
79 75
97 43
98 51
15 89
81 92
70 5
54 5
6 72
51 75
10 91
78 9
48 18
75 76
42 72
57 3
5 65
14 57
94 10
40 87
35 44
82 61
49 42
75 69
57 75
97 7
43 32
16 87
75 42
45 95
40 88
36 28
88 37
6 63
98 35
69 9
61 75
33 32
36 16
71 7
26 96
56 92
95 13
21 69
89 53
57 90
45 85
20 28
25 13
16 29
26 78
23 21
21 11
11 33
34 42
14 44
20 6
76 86
50 92
79 13
73 94
62 76
61 68
28 67
28 74
82 21
6 73
93 49
64 75
63 76
45 91
17 38
20 41
41 5
43 100
22 21
67 18
6 60
30 78
93 92
97 87
72 5
36 40
73 58
88 11
99 94
88 6
9 54
44 26
20 1
77 63
80 68
71 51
37 64
71 32
80 94
77 83
25 60
86 10
48 20
58 64
99 61
44 91
96 86
95 74
68 31
46 23
82 88
77 21
99 38
9 23
62 55
62 49
29 100
12 79
45 58
18 4
64 54
92 88
14 64
21 46
72 66
26 4
26 35
7 1
8 35
68 23
58 39
23 55
98 52
80 39
26 69
15 7
64 33
5 1
62 3
95 10
57 20
26 63
48 62
7 93
60 33
99 72
95 81
46 72
89 72
2 76
79 100
68 92
46 18
32 16
21 54
53 48
87 11
68 1
41 1
5 67
57 77
85 53
53 38
41 36
98 36
66 1
55 43
73 65
33 87
2 64
97 13
39 28
14 91
61 11
92 73
46 60
85 17
98 44
75 36
62 11
18 66
43 46
38 95
13 89
37 63
34 46
74 11
44 41
39 6
52 29
50 64
79 41
79 51
82 26
43 3
93 43
80 49
8 16
5 92
19 58
17 82
40 19
91 99
30 31
19 75
12 100
59 43
19 60
45 74
63 60
79 77
50 68
25 37
38 19
73 35
70 57
63 98
63 92
37 75
97 79
71 56
42 44
91 71
1 55
34 28
67 65
79 90
70 35
61 30
50 43
74 79
18 13
100 15
30 16
17 10
1 81
45 23
24 52
35 92
63 13
88 87
80 99
74 97
49 100
55 47
84 4
31 29
