100 354
32 14
70 65
53 59
55 56
86 80
66 28
69 54
71 4
51 64
98 43
41 81
68 20
19 32
38 15
34 26
87 99
23 61
88 60
93 6
79 74
79 83
37 11
89 90
76 81
49 11
5 30
59 3
23 34
86 72
49 86
100 99
60 70
91 34
33 23
96 46
33 11
2 80
11 43
80 92
74 1
59 99
3 39
38 100
68 89
9 80
99 10
90 85
7 26
99 58
45 77
49 93
13 27
74 92
24 56
49 1
44 95
39 65
75 53
25 93
87 11
46 12
94 5
72 18
51 66
89 61
41 52
66 69
27 80
6 20
34 13
92 75
62 7
26 17
84 80
32 46
77 49
59 26
80 50
53 44
37 67
48 61
29 61
72 88
4 90
6 26
76 67
41 45
98 42
46 98
85 73
28 11
75 94
18 2
52 68
67 24
41 7
58 100
55 41
36 72
44 6
73 99
59 41
80 39
27 11
86 9
80 13
86 40
15 87
20 84
83 42
57 16
97 4
46 95
5 78
28 55
99 62
81 78
51 21
22 72
62 64
20 60
2 72
93 68
50 11
78 93
71 91
21 47
98 94
30 27
29 1
12 54
31 63
46 49
100 27
15 74
90 34
11 69
43 7
79 23
83 33
61 50
8 31
43 92
8 95
9 21
93 99
50 57
60 3
91 90
19 41
31 55
3 67
55 9
75 78
76 55
77 90
7 44
83 53
20 98
96 85
43 16
84 65
73 39
60 19
10 95
96 90
43 39
97 48
92 69
66 12
72 55
56 58
20 73
15 4
63 96
72 52
22 53
45 98
2 25
91 81
26 29
59 18
87 80
7 63
11 3
64 54
65 10
68 80
19 66
35 65
43 74
78 30
91 88
23 44
72 12
42 53
16 94
59 56
36 1
81 67
85 14
96 3
12 60
13 36
48 19
34 46
66 1
74 50
41 71
78 46
96 43
44 46
69 88
35 24
100 90
39 96
89 52
22 24
95 53
39 83
42 23
71 42
59 83
68 39
19 78
86 34
92 100
39 70
16 88
60 7
31 65
7 45
82 70
30 14
100 47
53 29
53 1
46 31
18 81
18 13
18 10
49 27
64 61
19 93
21 36
74 62
35 81
91 57
30 89
96 84
92 36
28 97
61 31
35 38
20 38
63 78
41 10
39 11
35 8
6 64
61 49
61 6
22 23
37 42
24 94
22 17
78 88
11 61
6 38
1 84
54 65
67 72
1 14
4 77
11 85
8 40
10 25
1 64
54 67
12 77
89 69
28 56
13 50
62 27
74 36
86 88
64 76
98 60
67 22
44 49
72 8
50 4
62 68
96 8
76 3
17 98
59 77
72 33
48 53
80 55
12 83
12 14
19 22
72 31
23 67
48 10
18 23
1 18
78 92
42 34
5 57
87 45
85 64
30 21
39 98
82 49
35 64
53 23
49 41
66 82
28 73
47 92
50 83
41 51
35 44
80 47
36 85
58 4
38 45
73 92
9 87
71 63
21 71
22 91
3 12
55 87
84 28
38 73
1 46
4 98
54 93
25 85
39 35
34 17
94 11
80 48
15 44
79 39
88 24
73 31
1 67
6 45
87 96
67 12
