100 416
11 8
58 45
72 48
36 81
2 13
49 67
93 72
98 2
51 69
74 60
72 41
15 11
99 61
64 67
13 51
32 56
32 86
31 62
49 90
16 53
7 49
57 73
27 1
49 40
11 49
55 100
32 31
24 77
33 3
31 1
82 1
56 46
50 39
25 2
16 25
100 52
64 73
44 57
4 9
26 85
17 95
88 77
25 58
28 45
16 89
72 99
57 64
23 24
29 9
87 84
67 9
34 44
67 17
3 39
71 93
41 22
66 16
17 70
1 19
81 13
47 45
11 44
5 39
85 6
63 18
5 33
6 7
37 98
13 86
21 43
36 53
60 83
21 16
73 67
66 89
62 2
78 92
36 62
31 71
82 50
43 29
69 78
65 19
36 63
38 7
51 89
72 47
12 5
26 72
34 92
63 95
30 29
84 23
46 66
17 18
31 93
5 87
40 46
57 43
38 60
98 81
78 84
49 32
61 50
100 90
95 54
89 11
10 2
33 48
15 62
20 45
68 69
42 12
96 94
14 30
67 36
9 19
28 69
99 91
5 89
12 44
54 43
86 29
2 22
69 20
96 17
47 48
40 34
52 54
16 97
13 9
73 45
95 52
38 71
89 27
41 10
40 97
54 85
70 32
91 13
63 8
54 25
3 96
60 70
39 31
76 34
51 38
93 80
71 96
34 89
77 57
3 95
19 89
93 74
7 31
89 100
58 55
90 21
84 56
8 66
52 55
85 16
71 82
82 12
55 65
46 25
22 77
14 32
68 18
8 22
99 88
31 94
43 26
56 78
3 46
1 33
15 32
46 59
43 9
7 9
86 65
63 17
55 51
30 91
45 35
22 28
42 38
46 69
93 88
65 83
93 9
2 15
32 66
38 66
80 8
67 85
7 84
74 14
1 36
72 38
39 16
21 57
93 58
7 30
33 46
78 11
73 97
17 20
38 18
37 55
78 29
1 83
65 36
81 46
42 44
62 71
44 75
75 40
97 29
36 99
38 92
74 62
16 11
24 19
8 14
72 9
10 30
70 27
33 21
68 66
72 44
38 13
41 50
44 38
26 57
10 7
6 23
22 97
1 49
100 98
41 56
11 61
40 20
36 47
79 35
42 87
60 42
10 49
46 83
28 87
96 1
34 19
86 95
70 89
37 82
36 93
22 32
60 22
10 70
73 35
1 99
50 66
2 88
31 5
91 37
86 69
18 34
97 35
100 21
8 94
79 48
85 58
78 88
73 100
12 43
7 5
59 26
11 3
70 87
78 96
92 26
5 98
100 12
71 1
24 91
10 47
16 100
6 34
64 52
55 93
38 5
6 47
44 39
70 67
83 71
57 37
13 67
67 34
72 13
92 58
17 77
99 44
28 13
59 13
8 10
25 24
25 87
48 42
25 64
12 71
26 41
12 58
51 30
90 46
34 31
35 33
45 7
16 12
84 9
66 45
49 30
51 78
97 3
22 5
69 52
49 5
46 87
91 25
58 32
58 7
52 43
61 66
29 72
96 66
18 78
10 45
36 76
24 31
43 8
3 58
65 78
94 61
11 70
89 41
86 30
35 93
97 48
66 2
23 80
42 15
92 73
45 100
61 87
64 58
91 50
11 13
54 45
37 81
50 29
48 12
63 66
37 83
77 90
99 98
38 97
10 78
2 31
40 56
76 29
42 59
61 62
38 23
64 47
9 70
67 76
47 94
18 47
30 36
3 25
62 58
92 79
92 61
47 81
16 58
54 18
5 6
56 2
93 50
19 8
69 76
55 90
84 21
43 88
88 79
25 61
75 56
24 56
79 18
44 16
32 98
100 19
92 50
77 28
35 71
48 52
99 35
74 83
25 96
60 89
41 27
62 19
35 53
78 77
79 71
60 90
2 53
