100 1067
8 35
70 28
4 74
68 71
81 82
49 12
42 75
41 54
78 47
91 32
59 12
9 19
21 48
46 11
64 52
19 21
17 96
14 91
4 93
22 35
6 52
28 77
54 35
59 65
45 57
83 10
84 66
15 87
32 84
62 44
75 96
43 57
50 45
88 47
2 26
75 51
93 42
86 22
11 96
47 56
31 84
52 94
49 28
56 12
3 26
87 52
86 64
39 36
64 15
26 7
86 81
80 5
56 88
7 77
77 85
43 65
48 87
30 16
55 85
86 88
60 81
29 66
39 22
43 3
74 87
19 68
23 74
28 14
5 89
89 90
1 85
33 21
2 68
14 43
67 46
18 5
100 8
46 92
73 22
58 5
80 52
67 60
96 60
34 33
86 38
87 1
22 98
79 68
19 55
84 99
50 69
17 20
24 97
64 63
41 99
25 37
28 99
27 37
1 57
16 38
86 48
52 14
20 26
54 44
45 1
87 75
28 40
34 90
25 78
89 74
57 71
91 96
92 94
26 48
65 21
86 46
11 7
22 51
65 12
8 4
28 27
1 74
54 64
76 94
11 44
44 52
74 59
52 20
14 18
95 68
47 28
81 36
49 92
9 31
94 74
94 72
51 7
92 12
65 94
85 31
13 57
96 16
29 26
19 53
88 22
13 86
1 99
6 7
65 25
31 83
85 20
40 52
49 26
89 62
97 58
65 39
34 70
84 58
75 24
51 100
55 74
46 6
95 100
41 84
6 5
5 11
69 34
20 39
24 27
90 2
40 38
77 61
71 50
87 57
5 7
20 30
7 21
63 48
55 93
13 66
43 8
12 69
73 54
33 65
29 34
4 10
8 14
12 97
13 65
5 97
62 80
74 53
77 32
66 2
18 48
51 15
18 52
31 40
14 32
22 18
5 38
69 23
38 7
39 74
49 77
45 44
23 6
67 31
91 42
13 38
44 60
27 95
47 51
3 15
77 53
15 95
100 10
40 53
38 29
90 72
54 7
96 38
28 56
45 68
17 22
91 92
36 47
57 21
80 10
15 17
31 98
64 68
18 70
13 60
38 20
86 93
71 98
1 15
33 66
76 11
47 59
20 48
97 22
55 44
71 32
53 92
24 33
48 68
61 6
43 7
59 96
91 9
43 94
48 49
13 16
84 80
50 58
28 17
11 57
63 15
57 20
11 64
7 63
10 36
100 57
9 79
49 13
41 76
84 36
66 59
23 21
54 90
50 25
89 21
82 7
41 60
53 32
33 75
100 68
14 4
78 65
6 84
96 21
11 43
94 11
66 8
46 41
79 62
34 1
27 1
27 30
29 31
33 51
4 24
39 80
36 52
58 75
97 82
47 34
32 56
59 38
72 60
29 97
91 62
96 12
28 15
51 20
83 69
11 98
46 8
91 66
89 49
7 49
34 52
58 34
92 13
61 26
27 45
79 54
24 96
44 78
51 10
71 76
18 63
11 3
76 93
15 94
33 9
49 22
14 69
1 96
76 54
98 2
72 85
3 36
87 69
25 66
64 42
71 4
32 34
20 33
8 27
22 71
20 90
28 86
71 12
36 80
10 30
62 46
36 77
42 19
55 90
83 13
67 38
58 83
48 67
9 83
15 66
6 73
5 84
15 25
12 13
56 87
84 96
11 69
10 35
82 5
8 88
35 100
17 21
81 97
43 18
97 7
5 91
20 97
23 9
38 47
37 49
16 25
76 7
47 49
37 76
40 16
15 88
93 27
48 83
7 33
31 39
36 21
66 17
26 66
44 66
17 82
30 2
19 88
37 8
62 14
86 69
31 61
81 76
13 25
50 83
53 83
71 37
55 84
68 28
2 14
66 99
77 44
66 71
92 40
9 46
20 53
45 34
76 28
15 33
41 6
5 83
11 28
59 10
76 6
66 83
74 5
28 18
71 72
6 22
92 47
12 74
85 66
51 89
21 18
31 18
17 99
17 38
71 2
50 89
29 53
3 87
85 38
52 3
68 76
16 43
72 70
29 74
88 94
41 28
88 87
19 96
38 78
66 18
42 89
81 40
69 94
89 41
92 20
83 61
88 24
14 11
5 62
8 50
19 16
50 32
90 78
94 5
21 74
38 80
64 80
32 67
87 29
97 56
53 76
50 38
37 69
36 26
22 56
98 72
7 83
35 64
32 23
44 34
60 37
34 76
34 41
37 68
47 14
29 82
54 46
85 82
92 82
59 51
55 52
67 51
28 59
39 13
69 51
49 56
91 46
26 87
19 67
2 36
94 34
81 2
31 77
16 63
95 57
97 42
43 39
90 12
58 24
50 87
3 55
43 92
69 22
9 10
29 100
46 13
7 44
89 88
41 71
62 63
55 40
16 90
73 95
12 32
37 57
27 12
55 16
51 55
42 62
73 91
3 42
86 79
36 53
85 96
24 38
42 15
88 68
74 58
91 28
84 4
63 30
1 19
65 89
17 49
98 77
92 76
15 82
75 65
26 97
2 82
86 58
10 90
19 99
75 85
38 97
34 72
30 37
80 89
99 13
53 81
77 67
41 37
94 90
78 83
78 21
41 58
51 92
35 16
54 26
44 21
77 11
48 47
21 22
62 47
71 14
62 55
44 43
48 97
87 71
22 85
2 34
63 26
35 13
61 64
7 27
29 59
84 73
50 57
5 47
28 10
34 40
49 60
2 22
12 34
2 73
5 28
69 4
64 7
20 15
76 44
34 67
49 33
36 55
77 76
67 16
29 72
50 66
29 18
25 14
4 56
52 92
97 54
42 16
97 87
20 62
81 30
28 85
1 70
34 100
20 83
44 67
67 86
45 16
53 30
76 57
71 55
62 97
56 55
32 44
97 36
94 77
94 14
55 26
46 4
52 17
45 63
83 2
97 9
3 18
3 78
11 97
39 50
80 22
38 54
92 30
57 92
79 30
17 45
83 15
69 47
12 22
87 2
45 21
11 19
37 81
99 27
16 77
8 70
63 83
26 51
99 64
18 50
3 67
16 8
73 43
31 32
76 39
88 7
9 80
8 51
40 11
91 49
49 85
51 61
63 57
36 8
23 33
60 33
56 3
76 61
27 58
24 45
12 17
56 38
5 60
95 40
34 86
84 78
4 27
14 55
12 81
38 51
24 79
89 23
52 9
90 6
22 65
89 18
30 71
9 51
52 11
51 2
11 16
67 11
52 68
86 100
13 54
63 78
21 26
18 23
30 3
75 59
51 94
43 6
6 75
91 16
3 71
54 50
33 64
32 22
22 68
3 40
12 91
84 50
84 97
61 30
53 2
98 27
73 35
22 75
14 48
13 4
88 29
34 74
61 68
68 70
27 96
91 51
36 75
66 73
44 73
20 55
30 84
46 24
77 56
46 31
64 19
77 9
77 86
85 14
9 68
30 56
19 4
39 33
80 2
99 83
3 7
9 7
44 49
96 37
30 8
5 43
82 100
98 88
57 86
9 59
97 25
38 89
79 88
13 26
39 9
5 2
37 47
66 21
50 99
48 2
4 72
90 18
85 30
21 99
85 16
23 100
73 13
9 11
1 43
6 68
55 64
87 46
95 83
84 10
40 48
1 35
98 9
35 88
95 78
28 84
43 69
62 7
12 84
23 14
16 94
75 49
40 75
12 45
39 82
82 60
94 56
82 94
64 75
67 25
7 46
64 24
84 88
37 98
71 85
4 78
68 5
37 6
84 44
31 47
30 91
19 44
23 84
36 93
39 85
61 20
40 85
21 93
42 55
86 50
20 96
36 63
38 71
9 84
59 100
9 76
90 93
67 63
83 89
69 7
94 59
89 12
93 69
36 82
38 75
12 18
52 76
52 75
3 22
28 67
71 96
56 86
67 72
96 69
59 1
97 99
89 58
87 8
98 95
5 77
86 90
80 33
90 84
58 65
79 3
36 87
4 11
29 78
4 70
60 56
38 99
56 26
82 10
73 70
37 92
12 31
30 51
33 22
16 56
62 35
49 4
95 88
80 26
31 15
74 72
23 91
17 94
19 78
13 95
68 38
97 27
80 7
82 33
36 6
11 29
65 27
38 65
92 8
76 84
35 55
40 49
18 69
24 93
21 91
62 64
80 59
40 66
63 19
95 84
83 24
62 94
90 71
84 57
13 62
72 2
33 95
81 7
96 48
40 8
42 70
41 16
24 5
82 69
54 77
85 83
18 82
95 92
20 8
37 100
45 100
15 30
98 47
78 73
68 57
71 80
21 90
89 14
19 26
1 75
56 91
68 11
70 36
36 74
68 74
71 70
94 54
93 18
97 43
90 22
35 4
18 87
72 43
43 17
79 17
61 54
63 24
59 36
78 9
80 11
14 76
99 74
95 24
82 20
94 85
35 60
48 76
23 24
53 9
10 12
96 26
2 15
52 77
31 36
15 47
24 65
52 43
15 27
86 20
98 53
4 41
33 86
86 23
86 5
43 88
22 92
1 49
37 20
31 23
61 81
44 25
87 43
63 17
46 10
52 69
75 100
26 27
29 77
23 68
98 15
18 25
90 74
13 63
88 5
30 5
74 84
13 77
68 72
98 60
23 35
72 57
3 74
22 94
16 23
87 34
66 74
51 16
57 23
30 65
36 35
20 49
75 93
36 96
24 40
3 92
16 12
39 83
34 93
94 40
70 57
9 25
74 64
43 79
77 21
11 83
39 46
13 82
71 63
14 93
44 64
19 86
61 18
65 44
90 81
90 87
40 97
46 66
23 45
84 51
10 8
45 25
21 2
2 11
94 32
73 19
99 31
58 69
66 64
66 67
14 20
40 17
40 7
18 92
29 65
99 12
45 98
82 35
6 3
