100 4950
5 54
38 58
71 75
52 88
29 56
44 58
63 87
30 87
3 18
26 80
17 39
8 89
1 80
11 31
54 75
1 4
35 72
43 53
8 33
80 100
59 63
10 92
21 55
31 67
23 81
90 96
48 51
50 57
50 69
32 48
41 64
9 56
28 99
1 32
57 82
54 62
7 61
20 52
8 45
9 24
88 92
6 28
14 55
10 43
84 93
68 98
6 32
9 95
19 45
9 93
33 42
33 67
59 75
6 67
1 36
15 86
34 38
24 43
63 68
8 86
68 90
54 84
11 94
53 97
1 75
59 62
66 68
25 40
12 66
15 34
29 59
6 37
54 93
63 99
47 98
29 65
54 55
9 43
28 74
12 94
24 71
57 87
41 62
81 94
49 98
7 46
34 74
9 98
1 50
2 95
10 22
23 70
44 87
39 65
45 69
17 20
62 82
58 96
9 85
18 86
34 39
7 72
39 52
80 94
48 83
63 88
32 49
6 47
5 78
5 99
6 77
49 90
26 42
53 85
67 96
10 51
16 23
5 14
3 62
48 88
23 87
91 93
19 27
34 91
14 25
21 46
1 12
3 92
4 38
1 61
19 70
21 78
8 96
31 35
19 33
27 52
32 38
49 82
26 81
17 28
8 30
6 69
76 77
66 97
16 86
31 42
29 83
72 95
26 94
21 40
45 79
7 86
57 60
55 70
50 65
19 94
22 59
32 66
11 42
51 63
37 58
42 65
38 79
25 86
13 54
12 69
6 72
32 61
38 86
27 49
31 34
20 61
32 57
42 96
59 76
49 87
56 99
59 99
30 58
17 81
4 15
64 91
3 91
12 99
63 95
52 60
70 85
37 62
17 89
11 86
22 71
29 33
31 58
78 99
54 73
26 30
5 56
35 76
50 79
46 74
28 35
40 86
40 59
4 11
34 71
45 94
17 61
77 93
22 89
5 42
55 57
73 85
8 26
13 88
55 98
81 89
2 14
22 52
63 89
21 62
51 66
21 71
11 76
47 81
73 91
46 82
13 44
33 75
82 94
18 69
84 88
48 55
43 68
4 26
1 56
11 43
32 95
55 61
48 54
5 25
41 73
56 82
13 90
89 92
18 32
6 35
14 52
15 19
29 52
14 27
44 69
7 49
58 80
1 8
57 74
2 11
39 99
25 57
26 76
13 28
23 62
20 98
83 94
31 88
38 77
57 62
34 48
16 60
8 91
61 64
47 89
74 95
31 51
70 74
5 9
3 58
29 84
36 72
18 93
28 76
43 66
9 23
7 15
24 83
11 13
31 75
51 99
81 91
4 84
27 56
16 74
83 100
51 82
38 85
48 62
75 76
23 34
54 60
72 75
26 83
44 50
51 72
68 83
38 44
85 95
24 84
39 54
14 26
33 77
21 29
38 100
60 84
32 73
51 79
40 93
13 99
31 44
5 66
5 55
23 53
5 21
86 99
5 28
66 80
4 82
16 65
9 13
74 76
20 73
39 82
31 78
2 51
16 44
82 99
28 86
9 25
37 96
2 88
8 90
24 76
68 76
45 97
23 86
50 75
44 59
10 70
3 28
30 60
89 94
11 87
1 74
37 98
13 86
18 20
17 96
4 56
73 100
33 53
15 58
43 96
13 95
33 52
60 88
54 94
66 99
7 9
9 14
11 46
1 55
11 16
21 84
14 53
12 28
6 82
66 77
16 18
9 32
16 82
35 37
26 89
10 68
52 97
5 47
3 27
79 100
7 70
67 92
39 56
20 66
18 42
88 95
26 69
3 33
42 59
51 74
40 83
82 83
37 42
6 31
30 74
24 66
26 91
26 41
16 29
20 64
61 76
9 96
41 63
19 93
7 63
31 96
39 85
29 90
43 46
49 55
67 84
10 65
70 86
7 83
55 73
90 99
17 41
3 65
12 65
36 92
2 45
44 99
81 95
78 98
59 66
2 91
6 75
14 39
20 36
41 61
30 82
80 99
26 67
75 87
1 26
15 66
7 88
13 34
57 63
14 99
5 69
15 70
16 38
13 38
22 70
52 70
61 82
13 50
4 37
14 85
46 70
4 68
91 94
5 15
38 70
65 88
83 90
13 27
43 56
70 82
74 81
40 87
1 19
38 51
39 45
4 44
2 60
4 53
12 42
38 52
1 45
9 63
5 92
67 93
23 96
66 93
25 89
33 58
13 96
19 58
57 92
28 64
14 65
93 96
28 65
45 100
33 72
10 18
3 57
8 94
45 75
63 65
21 24
79 95
34 36
9 21
26 43
36 43
18 47
44 54
39 46
6 62
6 66
2 74
42 62
36 52
38 95
28 38
56 65
17 35
23 54
47 61
20 51
29 85
41 70
23 31
63 71
40 98
36 42
8 98
14 34
15 64
9 58
33 82
78 94
48 78
11 44
12 53
26 82
7 18
7 10
9 68
26 57
36 100
27 45
46 51
3 36
51 53
16 69
72 86
35 77
3 43
47 64
14 77
32 84
1 71
6 90
39 64
12 89
18 25
80 91
41 92
91 98
39 92
37 90
49 100
19 38
34 41
10 39
29 68
75 89
7 71
24 61
45 93
31 91
63 84
11 70
14 75
68 93
45 77
30 77
18 31
69 88
25 78
43 48
30 32
61 88
90 97
3 11
23 65
5 76
2 57
41 47
14 41
6 63
62 86
82 85
57 90
38 94
8 76
45 59
7 35
34 43
56 95
24 74
5 57
10 42
7 55
43 100
82 95
35 73
8 12
13 83
50 59
27 93
49 67
5 44
44 68
11 89
16 22
11 21
12 30
16 95
8 20
15 20
29 78
35 80
56 90
18 65
12 76
26 37
3 60
34 72
33 39
83 85
69 93
67 100
22 74
50 85
24 88
24 82
22 90
29 91
28 62
89 98
48 98
25 74
12 40
50 98
11 66
44 55
3 51
71 94
89 90
49 58
9 100
51 88
38 73
28 37
65 75
3 69
1 49
20 57
4 5
8 85
48 71
30 36
44 83
9 45
73 95
7 96
27 50
49 60
23 51
24 99
19 61
47 78
51 55
7 48
18 29
16 97
12 91
42 51
21 57
11 14
48 50
75 93
30 61
26 98
2 90
30 49
7 66
4 61
4 94
23 37
13 20
7 59
27 91
30 37
38 64
45 86
5 61
64 86
10 96
41 86
45 58
15 80
65 69
13 57
28 54
31 98
17 79
32 46
2 50
21 54
24 35
4 10
54 98
60 97
59 85
79 91
69 94
24 93
30 69
47 49
12 50
79 92
20 24
9 48
36 71
14 92
1 77
18 98
47 57
12 13
15 73
40 82
25 48
51 52
21 58
15 87
35 71
40 100
12 74
33 99
60 72
40 42
68 82
36 81
22 44
66 84
80 81
52 85
65 95
1 54
28 39
36 57
63 85
55 77
38 63
14 66
49 94
48 53
19 63
8 68
38 45
16 43
38 93
37 99
30 44
17 27
44 70
68 91
50 62
11 81
29 80
36 85
14 56
33 90
13 77
2 61
22 60
42 84
22 87
62 78
64 98
65 72
23 72
13 91
33 97
77 98
1 9
16 45
48 56
39 68
50 96
47 96
46 86
63 92
68 96
5 62
43 90
19 22
37 93
73 89
16 48
59 82
77 97
31 48
19 75
34 83
66 78
13 80
49 73
14 57
46 89
68 69
42 80
4 60
71 97
3 25
5 10
31 62
5 64
18 38
20 58
12 31
39 87
14 70
90 91
38 48
71 84
12 78
13 24
10 58
26 38
34 81
5 50
38 96
3 31
19 54
18 72
23 24
11 17
8 61
56 77
23 77
38 66
43 57
36 69
14 96
97 99
23 78
22 23
47 100
7 67
37 61
12 55
34 97
9 86
57 89
69 87
76 85
17 84
76 80
95 96
21 82
54 95
47 77
20 56
41 51
16 51
12 19
4 69
23 49
13 18
66 71
23 59
43 63
50 56
30 83
32 72
66 94
4 23
56 76
29 96
58 87
10 21
37 84
34 51
14 15
9 80
83 93
17 40
42 63
7 41
45 51
52 57
48 92
28 47
20 87
37 53
4 98
27 32
23 26
26 77
29 81
65 84
42 77
81 87
1 44
2 37
95 98
62 75
8 25
12 33
11 24
7 52
61 96
32 34
48 68
57 77
13 82
49 93
85 88
57 75
34 66
2 59
68 81
1 17
68 70
58 76
22 38
25 83
46 81
22 69
67 73
34 89
28 40
18 56
46 79
6 8
25 26
10 45
52 86
40 66
57 98
20 93
61 72
8 64
26 62
33 80
33 40
12 22
51 70
60 69
5 31
2 26
6 98
54 77
31 50
1 72
85 87
21 64
42 50
31 73
10 17
27 94
87 89
39 75
28 58
45 53
14 20
25 34
40 47
60 78
49 63
15 52
87 96
24 98
31 84
53 92
52 81
29 61
48 60
4 83
59 61
15 85
19 30
18 49
60 64
26 50
73 87
52 98
5 74
32 36
48 94
6 86
14 93
7 14
32 70
69 85
30 98
31 32
43 94
12 41
4 42
84 89
26 99
39 89
51 64
94 95
19 51
18 57
35 82
9 59
24 28
63 83
36 62
12 25
16 35
62 81
67 91
47 94
85 86
16 24
3 96
18 66
13 36
9 89
35 75
15 45
20 25
39 49
7 53
17 62
44 85
22 50
56 70
32 44
12 70
3 14
39 48
55 88
47 86
22 61
17 18
60 61
56 66
63 97
18 41
33 51
37 95
46 62
24 72
54 82
31 90
37 67
2 92
12 67
5 35
2 48
58 83
3 95
14 79
12 71
7 39
25 68
26 90
1 18
49 56
28 50
28 100
24 69
6 78
25 38
62 76
85 94
1 85
9 19
22 97
43 86
17 63
18 67
73 78
30 63
7 64
50 52
31 64
3 34
8 93
59 78
40 92
9 28
63 90
40 69
31 47
35 47
6 79
31 77
47 75
5 37
90 100
5 29
6 92
16 55
8 11
15 90
88 94
1 23
11 57
32 79
15 63
42 61
47 97
62 64
41 69
10 28
7 60
47 56
76 92
72 85
23 91
29 57
10 40
11 28
27 72
27 42
51 69
86 92
37 76
50 72
61 68
17 46
1 90
47 76
53 68
39 83
54 67
17 74
50 81
9 10
66 73
20 84
31 89
31 87
11 27
64 76
56 89
70 80
19 66
10 85
13 16
71 91
17 26
13 81
19 74
12 77
51 71
8 99
9 65
11 38
4 21
23 55
15 68
30 76
4 6
21 27
8 35
9 99
19 98
55 59
33 78
39 100
33 54
19 32
30 39
75 81
32 69
8 66
8 54
23 89
3 5
1 95
42 91
28 72
2 58
6 24
72 93
85 100
63 98
26 75
2 27
30 89
57 73
23 67
7 20
35 67
41 68
19 50
66 90
7 84
33 57
8 75
3 87
30 51
43 62
17 70
2 66
29 89
7 98
37 50
40 44
60 92
33 46
26 49
2 24
21 86
12 15
22 86
2 28
17 85
62 92
47 51
33 37
28 98
27 99
7 44
23 39
37 100
17 54
6 46
14 40
22 25
47 69
18 37
10 12
72 79
45 88
14 81
13 37
13 89
73 81
33 45
79 84
30 55
19 48
8 16
45 54
21 60
15 41
8 48
42 90
14 80
74 96
35 63
23 95
20 91
25 96
6 85
24 46
25 39
1 6
29 48
15 79
32 60
47 65
27 70
21 66
16 63
57 100
27 29
4 31
20 47
17 57
9 51
2 86
1 65
11 96
60 98
2 87
70 98
34 90
37 56
2 53
23 25
23 88
42 70
51 85
20 26
72 97
78 86
58 90
28 32
7 85
15 88
57 97
3 100
93 94
21 28
28 56
29 79
69 92
5 77
30 35
61 63
10 95
27 39
14 76
45 95
14 48
24 54
44 62
43 67
25 27
27 78
15 48
39 78
10 54
30 41
25 98
51 95
34 60
28 87
10 88
19 59
30 92
5 72
97 98
13 69
92 96
45 47
43 70
52 79
7 87
2 76
31 70
17 78
7 42
74 100
24 60
14 30
25 41
3 42
14 91
11 63
29 41
7 47
60 95
32 93
77 100
36 96
25 91
36 49
31 41
26 40
46 71
13 84
3 80
10 67
34 85
51 80
72 82
40 68
78 97
40 63
67 98
38 98
3 79
52 64
34 59
78 81
10 66
53 75
88 97
32 40
1 97
6 76
45 89
50 60
70 77
3 10
26 64
25 44
8 21
72 78
50 73
75 80
6 21
42 82
19 57
2 79
33 38
28 89
50 61
10 34
22 66
55 78
1 21
4 99
24 62
22 54
21 77
30 94
46 48
41 85
10 24
20 85
90 94
2 44
24 29
50 87
53 90
70 100
77 90
13 61
22 29
4 22
4 78
24 80
44 74
19 62
11 19
20 83
8 88
33 41
38 57
6 10
91 100
20 95
18 100
56 87
47 82
16 40
5 91
62 84
63 81
4 48
73 84
21 67
36 48
62 90
71 92
48 49
52 62
22 100
70 83
38 65
13 60
36 89
56 93
43 69
24 81
69 91
25 46
53 100
2 43
77 94
10 48
27 62
38 74
67 76
1 41
59 80
79 88
5 60
10 99
83 98
21 91
83 92
1 48
43 72
59 93
19 81
19 67
82 91
45 98
10 69
21 75
27 85
79 89
2 7
39 57
10 63
75 79
65 68
33 63
5 53
54 85
54 63
73 77
19 47
92 93
47 58
65 91
50 63
3 94
6 89
8 9
67 88
67 83
78 95
20 44
28 82
32 39
11 48
76 90
29 72
24 42
60 82
32 52
49 79
28 30
8 37
43 81
22 78
57 72
71 72
23 83
65 76
16 61
1 67
56 74
50 84
17 52
47 66
8 80
45 83
3 59
84 87
63 66
88 93
16 56
54 100
53 58
43 76
34 93
61 98
22 32
80 87
53 96
45 52
82 89
3 63
6 22
74 98
30 45
65 82
41 57
7 31
15 54
21 34
38 46
61 83
10 98
78 100
32 77
30 81
2 82
52 95
29 73
50 51
5 63
84 97
26 59
87 94
32 53
34 87
33 76
24 45
18 79
54 86
14 32
59 100
39 41
1 66
38 72
32 83
74 82
34 95
1 5
23 92
73 75
11 29
5 100
6 61
66 88
14 21
2 62
48 84
55 60
24 100
69 100
42 43
1 16
29 49
40 94
26 88
6 56
19 80
2 94
58 100
1 84
77 79
87 100
9 15
15 49
38 39
16 78
37 79
42 99
87 95
41 72
4 36
35 56
22 27
8 53
1 28
37 41
30 42
52 71
78 83
15 42
47 71
56 68
9 54
55 93
76 96
12 92
7 78
25 88
22 67
1 11
49 83
50 95
24 92
73 82
27 81
15 77
75 86
11 77
10 75
44 45
30 54
60 77
82 100
12 61
9 92
23 98
15 100
20 68
3 70
25 77
10 100
9 50
37 55
43 80
81 88
86 96
28 57
23 68
10 77
46 94
3 98
45 68
15 81
52 89
11 49
42 81
22 92
16 62
84 94
12 23
25 45
17 30
35 90
20 62
35 40
83 88
54 89
24 67
54 81
43 98
35 98
29 37
79 90
10 53
53 91
5 26
57 83
38 87
67 78
34 70
71 85
43 54
9 41
20 59
41 46
30 100
29 38
19 35
32 63
20 80
35 94
12 93
16 79
4 65
39 77
3 7
55 75
46 53
57 66
19 46
8 81
38 90
25 63
49 80
3 61
12 97
17 66
27 87
30 65
24 51
1 42
48 85
70 72
28 73
59 69
56 86
30 64
6 58
72 98
26 45
17 55
79 94
73 99
19 43
8 97
73 90
60 73
22 77
92 99
30 88
10 93
53 74
32 76
60 71
10 91
46 50
42 97
19 26
33 60
39 62
4 50
81 86
48 57
34 35
64 84
60 81
14 50
13 48
59 90
61 70
55 62
27 95
60 93
41 96
57 58
18 48
29 40
75 77
82 97
8 52
4 29
41 50
9 66
18 45
53 67
70 79
32 85
25 64
68 84
27 75
5 68
51 97
49 61
8 100
69 71
25 33
40 46
39 81
6 39
1 58
45 81
5 45
43 88
12 24
12 75
77 99
22 82
78 89
74 89
13 76
46 64
16 96
29 35
75 95
23 42
47 87
35 59
32 43
35 44
13 70
29 75
38 49
33 96
29 31
2 25
56 78
24 53
6 26
17 33
6 68
1 38
19 88
1 20
26 65
33 95
80 92
51 84
27 51
8 83
16 37
55 96
3 75
42 75
31 95
19 29
27 89
2 34
6 70
26 27
6 42
19 95
16 36
17 73
70 97
57 61
13 49
22 75
13 25
1 13
37 83
33 44
56 64
5 97
34 79
26 56
25 76
36 41
47 92
46 69
36 46
16 54
30 73
13 74
51 96
24 56
20 32
4 46
85 91
61 77
9 82
42 72
10 27
45 64
44 65
9 76
64 87
13 42
59 88
3 26
28 61
56 59
72 74
22 96
3 68
41 66
38 40
37 38
78 91
5 75
5 30
23 47
7 40
22 81
49 84
37 81
7 29
6 38
17 38
47 59
24 94
5 87
2 12
70 71
24 26
2 69
62 89
22 56
48 63
8 71
25 92
72 73
83 91
75 88
14 51
45 46
8 87
31 36
15 57
12 21
11 100
14 69
4 72
38 82
55 91
22 88
17 76
14 37
26 53
59 72
8 41
10 30
94 96
18 60
16 88
50 55
1 91
2 55
51 56
29 58
62 63
19 42
34 69
31 52
92 95
24 38
35 69
40 67
20 37
12 72
41 80
27 55
33 62
92 94
27 74
22 84
29 77
8 24
16 85
15 16
11 80
83 89
18 62
57 91
17 32
56 83
5 11
33 48
73 97
46 91
60 94
20 60
3 44
34 64
1 92
51 81
23 69
9 34
67 97
24 86
37 63
55 87
6 71
28 42
65 97
65 73
5 93
30 52
31 53
18 59
11 37
89 93
57 76
1 52
61 89
16 66
29 76
11 45
64 68
29 63
1 60
55 65
15 71
2 4
74 85
3 52
30 95
48 91
61 73
5 34
52 83
5 89
40 57
39 79
54 76
62 100
46 98
12 85
16 30
7 92
22 58
44 97
32 55
32 64
46 78
25 71
44 82
57 69
14 49
35 100
27 96
42 68
9 40
44 67
51 83
45 70
18 28
14 43
33 87
7 34
40 99
12 68
12 45
10 62
4 92
33 50
27 54
31 39
80 82
64 72
28 36
43 71
35 42
81 92
4 79
38 84
7 99
15 72
43 65
39 72
2 29
7 24
50 92
14 82
42 79
87 98
68 71
88 91
17 97
38 43
55 80
36 60
60 67
26 36
25 87
28 45
1 82
52 65
16 83
59 68
41 89
44 48
17 95
16 50
44 57
64 73
20 77
90 92
31 54
28 75
59 65
41 78
73 80
64 93
11 78
23 60
23 48
7 97
7 82
2 54
21 52
10 60
25 81
8 29
18 63
15 18
1 15
40 85
12 60
4 62
6 34
35 65
48 100
27 61
4 91
39 88
30 59
88 96
18 33
33 89
10 44
29 55
65 71
60 85
6 100
9 75
32 88
60 80
71 98
78 80
27 69
23 90
41 65
68 97
37 94
19 79
39 67
24 32
40 72
36 55
76 78
72 76
42 83
58 64
69 84
58 81
58 61
14 31
30 71
70 90
2 35
37 78
62 73
28 49
35 36
15 84
6 52
10 71
61 75
49 70
52 61
30 50
58 62
65 92
99 100
16 81
7 28
56 72
21 32
44 47
22 46
36 94
1 43
17 49
64 96
42 76
57 68
17 43
59 71
52 59
20 48
64 94
5 67
51 62
34 88
27 82
40 96
29 69
5 52
64 83
18 39
31 40
12 56
35 93
74 91
21 92
47 79
64 77
21 26
25 59
28 44
26 35
20 54
32 62
58 74
44 76
46 93
51 93
6 60
33 43
37 44
23 63
63 76
45 84
6 95
29 47
28 93
20 99
20 94
7 32
74 79
3 81
22 76
14 35
52 66
66 91
11 35
46 90
49 95
12 88
11 47
62 83
32 92
16 70
17 29
4 51
34 75
34 73
69 89
49 74
35 54
27 80
27 58
30 85
58 75
25 90
26 72
90 98
41 95
7 11
60 86
30 48
35 89
61 95
47 95
70 78
28 67
2 81
9 71
7 54
58 67
52 77
36 70
22 24
64 79
25 73
18 90
33 88
24 78
41 75
84 92
64 69
47 63
75 96
43 51
16 71
2 21
5 81
33 73
65 83
25 52
27 31
35 57
41 88
31 66
7 73
9 27
21 47
70 89
6 81
6 80
4 13
53 61
27 53
28 48
3 19
85 97
60 74
8 14
3 76
51 91
19 40
8 59
10 64
11 98
5 84
20 23
79 98
71 83
63 67
11 61
6 54
87 99
96 97
47 72
73 96
41 100
26 84
9 72
27 83
24 89
15 29
50 88
8 31
22 93
22 79
26 47
6 91
65 94
7 91
36 84
12 64
84 85
7 16
15 61
27 35
88 99
4 70
3 38
41 99
35 87
80 83
3 21
25 56
58 85
11 25
71 74
79 96
2 6
62 88
9 81
29 51
33 36
6 11
52 93
57 78
9 42
40 78
46 47
54 97
38 92
29 64
17 93
56 73
25 66
96 98
19 64
20 81
39 91
59 70
41 58
30 67
5 73
5 18
1 7
2 67
21 59
7 26
8 72
50 53
38 61
56 61
59 89
61 90
46 77
37 46
1 34
36 90
40 52
66 98
1 31
17 98
55 92
32 100
14 16
54 56
46 88
49 50
93 99
56 94
68 74
1 68
46 56
22 41
8 73
78 93
3 30
29 98
4 55
86 98
19 56
32 89
46 87
54 79
46 67
6 73
76 99
62 68
16 34
56 57
45 61
13 29
47 88
32 87
26 95
40 89
13 73
52 75
14 88
51 94
20 92
27 92
18 87
2 49
2 46
32 78
68 100
71 99
44 49
26 78
40 51
36 82
16 93
53 59
36 39
33 85
3 67
50 91
74 90
10 76
55 89
23 32
3 6
27 60
33 93
37 97
15 91
29 36
70 81
34 53
69 72
32 50
64 80
10 50
71 93
58 59
2 9
9 61
68 85
36 61
69 70
5 49
75 90
37 87
58 86
17 82
27 73
72 87
42 95
2 78
42 44
71 79
13 22
44 96
24 39
2 80
14 95
63 100
10 49
21 68
54 90
20 38
4 73
39 43
40 60
12 27
12 37
27 68
24 27
21 37
14 28
71 89
34 50
33 61
65 98
41 56
10 82
56 62
17 44
37 54
12 80
54 72
58 70
8 22
82 86
35 60
14 89
74 80
48 76
5 8
15 55
47 68
2 41
29 66
66 100
3 39
53 82
7 51
8 28
4 100
17 56
29 100
19 55
8 47
55 84
74 84
20 22
17 72
16 57
18 68
12 44
4 30
53 84
4 80
15 76
82 92
40 91
27 67
52 80
20 78
42 89
78 96
15 65
15 22
48 70
40 65
41 43
1 40
75 100
64 99
50 83
32 94
47 83
77 92
22 40
53 83
11 83
7 62
50 64
3 48
49 77
8 49
72 92
31 79
53 56
35 50
42 48
35 62
17 36
35 79
82 84
10 80
53 78
44 89
8 51
35 46
14 71
51 58
27 34
64 67
36 80
11 68
33 94
49 81
16 33
95 97
13 72
60 65
41 79
14 78
20 43
24 41
39 98
49 75
6 20
12 100
64 100
32 99
18 99
7 37
10 90
29 97
23 58
12 43
21 30
30 33
12 83
35 39
7 27
34 62
40 73
59 81
55 83
1 98
28 52
33 66
44 78
35 91
43 78
20 90
8 70
44 79
77 95
13 15
64 78
10 20
54 64
41 90
26 46
6 96
42 46
17 67
2 98
14 72
23 50
7 36
8 79
2 84
15 28
14 24
41 67
9 64
16 94
25 37
25 65
10 32
1 81
32 68
33 59
59 86
28 96
51 75
4 67
25 58
63 79
1 86
5 22
40 43
34 65
72 81
25 43
1 89
62 69
12 90
16 32
41 98
9 37
28 97
13 92
2 85
68 95
12 98
57 93
84 90
69 73
1 29
37 92
62 71
84 95
22 37
60 70
1 83
10 74
35 92
5 40
37 88
22 48
69 99
14 23
80 98
48 87
16 75
31 80
11 84
63 96
36 64
33 98
11 67
69 97
5 71
20 70
59 91
15 75
13 47
36 87
31 56
39 50
42 69
5 43
15 27
34 52
32 45
29 32
20 41
8 36
7 81
74 86
63 69
77 80
39 71
69 81
16 87
17 19
22 68
25 93
7 75
23 40
28 77
69 82
26 68
45 60
60 76
86 100
53 72
27 64
15 31
29 74
10 94
8 84
27 98
48 58
24 75
32 81
1 37
27 41
47 50
58 78
47 91
19 39
45 74
81 96
48 90
36 47
61 86
52 58
24 63
57 79
50 93
41 91
6 25
29 95
19 84
82 90
45 91
23 36
33 55
12 73
57 88
30 43
26 71
28 66
16 53
9 39
25 35
48 96
40 76
3 15
38 50
5 83
17 23
17 65
66 74
4 54
42 73
85 99
67 87
42 45
32 97
4 39
4 93
50 82
43 95
75 83
23 52
23 76
6 65
15 56
61 74
3 88
32 82
32 42
19 82
38 41
36 53
65 99
27 47
66 89
23 75
12 38
53 54
29 86
44 66
68 94
1 51
53 66
72 91
8 62
21 50
15 98
24 44
42 94
37 77
36 37
4 89
17 69
8 55
17 100
3 47
30 57
45 73
33 49
56 97
18 23
32 90
65 74
48 72
7 30
43 75
91 97
37 82
42 57
78 79
11 88
60 75
43 49
1 70
22 62
88 90
78 92
5 24
8 63
13 79
8 23
51 86
19 37
59 73
50 71
51 61
62 97
37 74
15 46
33 68
22 57
17 60
51 89
29 30
2 68
22 63
63 80
10 46
46 85
36 59
8 46
40 84
11 79
34 82
63 94
61 91
49 57
26 100
32 98
37 65
9 79
21 93
19 85
5 19
8 65
10 83
73 93
58 91
25 80
9 20
18 19
71 96
3 53
62 74
64 90
56 98
45 78
34 86
45 99
3 71
7 74
34 63
28 88
89 99
21 96
52 82
40 64
8 43
13 66
1 76
17 86
83 86
50 100
26 51
6 23
14 18
6 50
46 54
65 66
4 49
16 26
10 31
18 73
54 99
5 23
81 84
39 63
9 33
58 77
59 95
58 71
87 88
58 68
69 80
34 92
12 58
10 47
14 33
10 15
46 68
12 57
54 88
53 57
67 85
66 86
74 94
54 68
72 77
43 64
22 94
11 18
56 84
25 82
12 35
54 80
50 54
72 84
68 88
14 64
44 73
77 84
16 92
5 27
84 98
59 67
59 94
20 63
55 74
13 75
3 89
26 92
52 74
37 48
23 41
15 60
46 100
51 54
39 73
87 90
13 30
40 71
8 56
36 97
52 94
1 59
20 72
8 67
5 86
12 18
49 71
48 65
45 71
23 73
39 51
45 96
19 78
58 99
10 97
53 99
9 87
73 98
4 52
56 69
19 36
44 60
5 95
46 60
15 40
83 87
34 76
86 94
22 35
82 88
18 46
2 10
35 88
8 39
18 34
14 46
67 80
67 90
47 55
4 18
61 69
5 51
96 100
26 74
87 91
70 93
6 14
13 33
23 33
46 58
35 97
79 99
51 68
56 81
88 100
17 94
45 92
1 47
9 83
11 65
37 51
67 68
1 10
11 39
15 32
9 70
48 86
23 99
15 89
45 87
45 57
46 66
22 42
68 79
50 78
19 73
72 90
20 29
36 74
37 60
53 64
81 98
21 48
45 56
18 35
16 58
5 38
29 62
49 54
2 52
65 87
13 97
43 50
17 91
2 89
75 91
11 60
23 28
40 81
3 90
1 39
68 87
17 99
36 63
5 20
31 71
74 99
13 41
37 86
20 53
15 69
58 89
63 78
16 28
55 99
20 55
55 95
74 93
54 91
65 90
24 40
39 96
1 73
69 95
24 31
15 37
15 43
10 57
66 79
6 93
22 28
30 46
59 74
31 60
59 98
41 74
1 22
23 79
4 32
46 84
16 46
13 45
17 37
49 68
12 84
2 20
9 17
32 56
4 40
35 41
38 56
1 88
20 86
15 53
28 94
44 84
32 96
29 88
76 95
72 89
16 42
14 61
49 86
23 57
18 51
17 90
75 85
35 84
33 47
40 58
6 16
42 52
4 7
14 36
8 38
36 78
8 15
11 75
13 59
49 97
81 83
86 93
67 95
9 97
17 25
27 48
55 82
3 93
12 26
29 82
18 80
40 88
18 97
60 96
46 92
59 60
19 76
23 46
49 91
31 76
42 92
13 64
18 54
56 80
62 65
12 81
2 93
17 50
31 45
6 99
10 16
42 98
35 66
14 62
21 87
7 90
8 78
41 45
58 60
78 90
17 47
74 97
11 97
76 83
6 83
37 66
43 58
13 46
32 65
11 71
77 88
32 54
34 100
6 57
44 71
12 79
28 29
31 65
14 59
75 98
60 100
43 74
4 57
39 97
3 35
15 47
7 68
55 58
10 78
20 21
80 90
19 99
8 92
21 97
69 76
18 89
73 88
19 100
50 67
8 19
4 81
61 71
12 54
39 90
4 14
26 58
36 75
72 100
58 82
43 93
37 45
75 94
18 81
41 77
40 41
39 44
94 98
39 84
49 66
38 55
28 91
3 22
41 48
51 76
57 64
20 35
2 33
44 93
29 34
37 80
79 85
10 14
42 47
82 98
53 62
26 44
7 69
86 87
25 97
33 81
21 98
61 87
54 61
16 90
56 88
52 53
30 84
64 88
78 84
19 69
32 91
39 80
61 85
2 17
7 95
55 68
13 17
75 92
28 68
33 56
26 34
69 86
55 81
72 88
62 96
83 96
76 84
1 62
95 99
13 55
38 75
21 56
57 65
54 69
18 84
2 72
11 34
34 56
25 70
3 86
48 99
17 24
77 85
18 88
36 77
49 52
7 12
4 96
82 96
80 96
13 26
52 68
21 88
10 61
59 83
46 76
19 77
10 56
22 65
39 69
21 99
2 18
2 75
18 52
36 58
23 85
47 73
12 46
5 16
10 23
25 28
5 82
86 95
2 42
3 24
35 85
39 40
78 87
65 78
71 76
36 67
69 98
35 74
6 30
24 96
64 70
6 40
22 85
70 96
15 21
22 51
69 75
8 57
47 60
15 39
44 91
40 61
63 77
56 58
10 81
4 9
55 97
26 39
16 99
6 29
33 64
19 86
2 30
67 70
68 73
21 33
5 36
60 83
4 19
49 53
46 73
7 43
35 55
1 69
77 86
31 100
2 63
31 68
29 99
8 74
51 67
70 75
6 9
23 30
13 78
25 84
64 75
21 36
54 83
46 65
49 88
54 65
25 32
15 24
57 81
16 76
11 82
35 53
47 99
80 84
13 43
27 46
58 63
17 21
92 97
10 19
27 63
4 8
42 87
61 100
25 61
41 84
98 99
16 39
13 94
64 95
37 49
18 27
44 64
67 75
3 8
7 25
30 31
45 65
9 73
11 55
24 79
28 51
16 41
5 80
35 86
58 73
22 30
8 42
19 91
6 33
42 67
50 74
31 82
11 36
2 32
57 95
33 83
68 75
54 66
25 72
6 27
32 37
17 59
46 52
86 88
14 63
10 86
63 70
54 59
17 42
38 59
55 71
81 90
1 27
41 94
53 98
63 72
54 58
70 99
76 87
35 81
4 45
28 80
26 32
41 59
8 13
54 87
22 91
7 33
11 51
48 89
33 71
36 95
19 92
69 77
59 97
64 66
22 26
60 89
28 81
14 98
9 53
58 94
84 91
80 86
51 87
42 86
9 84
26 55
48 95
20 39
31 83
48 97
67 71
11 92
67 79
22 39
10 37
73 92
29 53
33 79
28 31
49 59
17 45
51 77
53 55
40 95
9 77
52 63
12 52
55 100
50 90
59 77
46 61
54 70
18 36
38 99
34 77
91 95
31 37
19 41
15 92
87 92
21 31
23 84
12 62
26 79
3 32
4 63
36 79
55 79
16 72
39 94
71 81
80 95
4 34
52 76
28 46
79 81
28 71
24 65
27 44
76 91
25 53
86 90
5 59
41 87
5 94
7 23
9 16
2 16
58 95
29 39
61 94
29 87
22 33
9 44
39 95
24 34
44 75
53 93
30 66
19 24
34 57
16 84
6 44
7 50
15 23
58 88
53 87
51 57
62 94
2 99
61 84
14 60
54 78
40 62
17 51
74 92
85 98
12 39
66 83
19 44
59 79
41 53
14 44
67 89
20 89
70 87
2 70
37 52
73 74
32 47
42 78
77 91
37 69
28 60
7 77
2 64
15 50
9 12
18 76
48 77
26 61
36 56
16 19
34 84
35 48
43 79
30 96
2 38
10 35
65 89
21 49
21 76
53 71
26 96
2 36
1 87
10 11
57 59
11 54
40 45
52 56
15 99
19 34
36 88
13 56
65 100
33 69
53 65
16 89
10 41
41 82
1 30
15 30
25 50
30 79
28 70
37 71
13 68
18 96
3 99
47 54
10 73
26 85
3 23
77 96
9 74
66 75
10 25
42 93
43 77
26 73
1 57
25 95
21 63
28 84
55 85
42 88
27 40
4 90
30 68
19 65
39 42
60 66
33 74
84 96
25 60
64 81
18 43
67 94
79 82
5 70
20 33
82 87
43 89
73 79
22 47
31 57
17 87
81 97
61 67
39 93
54 57
81 100
22 55
7 13
5 90
68 99
19 68
16 68
40 48
21 44
53 63
17 77
11 32
53 77
27 86
66 85
31 38
5 79
30 90
11 95
5 33
6 94
18 58
27 57
72 94
3 37
14 42
22 34
42 56
60 62
52 87
9 22
41 71
61 80
9 62
31 72
75 84
16 100
45 76
65 96
45 80
48 66
33 84
13 53
3 20
3 29
22 53
3 77
38 78
20 30
17 48
44 46
8 18
15 25
8 58
6 13
6 49
44 94
12 63
57 84
6 48
17 80
37 68
70 92
4 74
42 85
58 69
70 91
24 64
29 42
3 73
31 86
4 43
33 92
49 72
17 53
25 79
6 84
21 51
65 93
41 42
26 70
34 96
35 64
3 74
74 88
2 31
49 99
36 91
41 49
38 88
24 50
4 64
6 36
5 7
27 59
25 55
1 3
77 78
4 41
11 72
45 67
24 36
61 81
1 94
41 83
14 83
76 100
28 33
67 69
35 78
27 65
25 31
9 67
13 52
25 51
30 97
12 49
2 97
19 96
2 13
20 67
87 93
25 42
57 80
2 40
72 83
2 39
13 39
11 93
61 79
27 66
55 69
44 81
47 93
19 53
19 89
37 59
30 70
39 76
33 34
37 39
34 78
2 3
8 32
89 96
56 85
3 82
7 56
44 90
28 69
58 92
32 74
23 97
93 97
19 83
3 41
55 94
79 87
11 52
9 18
33 91
23 64
43 91
26 31
46 99
59 96
60 87
23 29
11 62
1 46
48 59
32 59
13 23
11 69
16 64
32 41
15 51
30 99
18 70
22 31
44 72
77 81
75 82
57 85
6 87
43 84
94 97
34 44
14 45
61 99
47 52
11 41
59 87
43 47
1 35
38 89
6 17
69 83
44 86
18 94
60 79
31 33
70 76
18 26
25 30
18 82
32 35
38 76
12 87
38 97
37 85
36 93
6 51
1 64
28 83
52 100
65 86
12 14
10 84
29 44
34 47
16 31
1 25
62 80
29 45
36 86
58 66
16 20
32 71
11 91
83 97
55 86
58 79
92 98
13 67
39 86
75 78
19 28
38 53
7 93
47 80
25 36
12 96
15 62
15 93
57 99
20 76
21 43
52 96
11 26
4 75
27 30
52 67
7 89
33 70
20 46
5 6
47 62
1 78
31 92
26 52
14 94
24 85
86 91
60 90
18 75
66 95
22 45
18 95
79 93
13 32
34 68
40 53
25 54
35 58
48 74
40 97
57 67
40 90
64 97
81 82
40 75
3 66
31 74
4 97
19 49
4 25
1 63
34 99
73 86
59 64
46 75
46 96
37 91
14 97
67 72
53 95
12 86
34 49
14 86
68 86
48 67
18 53
36 76
77 82
41 60
53 79
8 40
40 54
7 65
21 72
18 40
3 9
13 31
1 99
30 75
41 97
5 12
64 92
15 26
31 61
36 50
34 37
10 33
26 48
18 78
35 51
25 85
55 64
43 92
63 64
38 81
41 54
11 74
3 46
84 86
62 99
69 90
19 23
20 79
53 80
56 100
61 62
5 88
19 97
10 59
47 74
30 93
18 83
32 33
49 92
45 90
16 25
28 78
36 44
9 46
62 87
64 65
6 53
35 38
7 76
12 20
23 94
13 65
28 92
24 95
9 35
39 47
71 90
16 17
30 86
3 50
5 48
26 60
9 88
41 52
41 76
9 94
29 67
45 82
32 75
29 93
27 33
31 69
55 76
50 76
16 47
49 62
75 97
32 51
49 76
22 72
63 74
7 79
23 82
7 17
21 81
56 60
36 51
34 46
66 92
28 79
4 16
49 51
62 70
3 49
3 64
9 90
21 74
36 68
20 71
68 80
61 97
50 68
13 40
60 99
37 72
53 86
14 100
18 91
79 86
3 13
13 35
71 73
13 93
51 92
3 54
40 70
3 45
21 85
12 95
10 89
50 97
39 70
15 17
97 100
6 59
98 100
4 88
7 38
20 74
10 36
23 56
9 60
9 31
10 13
14 19
16 98
76 88
80 88
6 19
26 97
38 67
69 74
34 55
71 86
12 16
24 70
30 40
27 79
88 89
50 77
38 42
53 94
31 99
17 75
5 65
40 56
48 52
4 24
21 90
86 97
39 53
57 86
58 65
76 94
86 89
91 99
2 47
20 82
84 100
47 85
45 50
2 15
27 90
26 28
1 93
81 85
40 50
9 30
31 46
28 55
44 98
25 69
55 90
65 81
21 23
48 61
48 73
1 100
44 52
38 60
21 70
1 24
24 25
43 99
26 93
13 14
39 74
71 82
46 63
62 66
34 98
1 14
10 52
89 97
25 67
14 67
18 30
65 77
22 80
15 96
4 58
17 22
34 80
90 95
13 21
54 74
13 19
63 91
58 98
2 100
4 12
58 72
56 67
21 45
46 72
20 28
18 24
24 57
14 58
50 86
14 68
26 86
25 99
43 82
21 53
53 89
15 78
14 74
93 95
52 78
55 56
4 47
35 99
31 94
66 82
23 35
77 89
6 12
30 80
41 81
30 72
21 83
35 61
4 17
58 97
23 66
73 83
27 88
8 44
79 97
17 34
76 89
79 83
16 59
2 23
34 45
54 71
23 27
74 87
5 46
94 99
92 100
67 86
48 75
21 79
6 97
22 43
37 43
53 60
2 83
53 81
21 89
50 89
77 87
68 72
52 72
27 77
13 98
80 93
61 66
70 95
24 90
11 22
5 98
54 92
29 46
30 53
12 17
53 88
64 89
11 73
69 96
38 54
76 82
7 45
27 37
10 29
10 87
10 38
37 47
5 39
42 53
85 89
10 55
7 21
3 83
71 100
2 19
55 67
45 72
21 38
11 15
31 59
18 22
51 78
58 93
90 93
27 71
27 76
38 80
72 96
17 71
5 96
46 57
60 68
7 80
6 7
21 80
44 88
10 72
31 97
21 94
12 48
21 61
41 93
40 80
12 36
6 43
16 91
43 52
57 70
95 100
59 84
44 80
6 88
34 40
53 76
40 74
66 67
5 17
20 31
32 80
34 67
26 63
5 41
9 26
30 62
14 38
28 90
47 48
28 95
51 98
15 33
50 80
7 57
63 75
36 65
66 96
62 77
24 52
4 95
52 55
71 95
65 70
19 31
23 45
21 100
11 56
16 49
26 33
48 82
47 84
33 86
21 69
43 59
7 100
2 5
62 85
44 100
45 66
78 82
27 97
74 75
76 86
49 64
65 80
57 96
36 83
21 42
29 60
9 69
45 63
6 74
61 93
9 52
15 35
43 87
62 93
3 40
19 71
24 68
8 17
2 56
85 96
46 59
5 58
81 93
30 34
12 32
26 29
31 43
42 54
4 77
56 96
17 92
71 80
48 69
23 61
13 85
30 56
29 50
41 55
19 21
27 43
4 20
49 78
42 66
20 97
24 59
66 87
3 4
50 58
39 55
38 47
36 99
4 28
88 98
68 78
18 85
1 53
7 19
22 83
23 44
23 80
21 22
11 99
4 35
21 39
50 66
19 72
29 70
45 49
32 58
34 42
31 49
8 27
56 79
8 77
39 61
31 93
29 54
74 77
39 66
22 49
83 95
6 45
11 40
15 38
16 73
42 64
47 70
4 85
46 97
5 85
28 85
8 82
35 49
11 64
16 52
11 53
62 67
44 53
27 36
35 83
37 64
13 51
3 72
59 92
36 40
28 34
62 95
77 83
4 71
24 37
31 55
1 2
3 16
68 77
36 66
20 69
42 49
15 82
15 95
24 77
18 55
27 38
33 35
56 63
49 65
43 55
27 28
53 73
36 45
6 41
63 93
16 80
50 94
5 13
19 90
85 93
42 58
52 91
14 90
11 23
28 63
22 98
58 84
18 74
23 93
6 64
40 55
31 85
14 17
37 40
43 45
16 27
72 99
19 60
66 76
51 90
28 59
35 52
10 79
43 61
49 69
34 54
38 69
15 59
15 44
46 80
11 12
14 47
20 49
1 96
74 78
23 38
9 55
40 77
22 99
44 77
2 65
37 57
79 80
27 100
19 87
39 60
43 97
56 75
50 70
15 36
29 43
48 64
87 97
8 50
55 63
39 58
17 64
38 68
24 58
1 33
23 74
28 53
43 85
84 99
30 78
45 85
44 61
35 95
56 71
38 62
5 32
20 65
68 92
21 73
20 45
17 88
33 100
71 77
44 95
7 58
34 61
24 48
73 76
20 42
2 71
23 71
57 94
43 83
70 84
40 49
12 59
65 85
64 71
24 49
8 95
30 91
64 74
66 69
21 25
20 96
78 88
40 79
25 75
69 79
11 58
29 94
4 86
62 91
96 99
72 80
70 88
27 84
18 61
56 91
18 64
19 25
3 55
15 67
94 100
32 67
66 72
44 51
89 91
52 92
10 26
37 70
4 87
44 63
12 34
34 58
38 91
80 89
63 73
8 34
66 70
13 62
42 71
16 77
12 82
11 85
2 96
2 22
85 92
31 81
4 27
51 100
13 58
42 60
65 67
52 69
14 73
46 49
83 99
12 29
9 78
20 34
13 100
31 63
18 50
48 80
14 87
37 73
44 92
60 63
18 77
49 89
11 30
70 94
32 86
3 56
43 60
64 85
22 36
3 12
11 59
26 54
3 17
15 97
49 96
4 76
11 50
41 44
17 58
69 78
91 92
45 48
67 99
8 60
47 53
42 100
16 67
83 84
46 95
48 79
46 55
25 62
24 33
89 95
14 29
23 43
71 88
4 66
76 81
52 90
6 18
9 91
24 55
52 73
17 31
57 71
28 41
44 56
20 27
76 98
93 98
52 54
73 94
12 47
71 78
9 47
36 54
18 92
17 68
39 59
21 41
2 8
25 29
47 90
9 49
52 84
2 77
46 83
24 97
35 68
4 33
18 21
6 15
8 69
20 100
51 73
9 36
23 100
61 65
3 85
80 97
47 67
36 73
25 47
71 87
91 96
14 22
70 73
61 78
20 75
63 86
11 20
7 8
62 79
67 74
67 82
50 99
66 81
13 63
51 60
34 94
24 73
25 100
30 38
24 87
62 72
63 82
93 100
35 96
9 38
7 94
4 59
76 79
89 100
53 70
25 49
67 81
85 90
64 82
7 22
1 79
15 94
26 66
26 87
20 40
78 85
30 47
37 89
11 33
49 85
82 93
45 62
13 71
56 92
21 95
24 91
2 73
75 99
48 93
35 70
61 92
65 79
43 73
9 11
15 74
12 51
29 92
62 98
19 20
11 90
36 98
81 99
3 78
21 65
38 71
35 43
3 97
60 91
22 73
16 21
42 55
38 83
33 65
22 95
24 47
76 97
14 54
68 89
36 38
18 44
14 84
6 55
9 57
19 52
17 83
51 65
74 83
45 55
80 85
37 75
52 99
67 77
25 94
22 64
18 71
9 29
15 83
28 43
3 84
20 88
76 93
53 69
8 10
55 66
42 74
35 45
24 30
21 35
51 59
29 71
20 50
54 96
43 44
13 87
48 81
55 72
