313 45739
43465 14905
4057 17593
19529 35738
25236 44917
36758 7306
20262 32037
40243 25237
23370 2685
27166 224
12666 43200
28376 6069
11706 21558
10728 23866
17109 27393
18995 21301
43724 30822
4000 1430
26602 4876
9947 28573
18887 15458
16757 11244
35700 19773
25935 42845
25047 24792
5649 30259
39290 26018
12706 27208
250 14990
10747 33055
21774 43964
21676 26121
8771 1496
18868 16388
37116 14877
6327 4833
29224 12958
29904 24363
12911 586
33224 38348
33152 33688
34422 20159
14284 11313
15591 38216
36854 12208
41887 6991
4239 27216
11986 7651
6564 32422
3379 14189
44780 43873
14774 5777
3774 33478
28274 25031
39402 32335
23743 41672
28297 43610
2349 14214
12107 22363
11239 8649
23450 15381
10171 32208
30704 41270
12854 10177
25234 43158
38495 44690
34916 5663
35645 12609
5504 11925
8156 41228
12630 41226
1196 22845
41006 32620
26758 28865
38380 37237
28586 34705
2220 10395
13471 15245
45383 3454
256 2741
22226 17907
11398 32698
44774 1337
27222 699
29697 7471
5757 30686
27716 9985
4820 32300
16605 25987
14541 39151
9729 10088
44234 43639
18792 476
45310 6016
5819 9232
28792 33245
8451 32844
2195 28301
19046 2621
24726 7513
44900 31694
27765 5048
29800 45605
37629 5518
42278 45207
26048 39137
14622 41390
18520 5082
45449 21480
1873 27881
25672 24672
15919 44198
10663 37138
45487 17679
10983 40645
6958 32611
28928 17444
14363 14647
31431 28944
22521 22148
8297 16409
16656 38055
23557 24043
26584 4894
30947 27105
12117 17094
18171 6145
19531 36737
2164 42325
6820 38841
37924 8228
31 7393
9620 31617
1356 2352
25146 8286
35968 30672
37791 23801
32315 12011
9439 6803
44369 14726
41868 33782
44241 13369
17640 20385
11457 38512
1776 1409
16715 30158
27766 38861
26237 15399
40051 4013
11493 10791
12815 244
16256 38928
30895 21245
19939 3773
20341 21107
22941 29457
23513 31779
7963 15991
19314 18565
3372 41248
34018 15342
5747 38630
15220 17059
35095 29404
17255 17270
44570 17100
11077 15064
1223 22586
35997 25536
29496 30987
15867 25049
28298 1289
15163 8793
21361 13256
31051 33446
14761 25240
5775 10857
32854 13954
7162 38246
43744 32619
39491 6447
36139 16936
39141 9926
8597 32875
41711 30167
5655 44639
35512 14785
29724 15230
7136 24444
7418 33453
2245 4440
12242 40900
28292 12116
38896 35692
44834 26915
14095 39582
34148 8826
11291 9879
27012 15293
6283 4965
22234 21785
43574 36994
21278 9269
15751 9861
42623 11962
43592 32440
36035 623
43532 30888
20892 7875
6138 22146
4017 45247
43733 33963
27249 20956
6629 1708
14414 8450
12745 42286
18642 18200
25453 6443
22049 29243
17768 24117
6990 38377
44920 3832
33302 26216
8528 3740
42403 37857
6491 37670
7033 35229
574 3722
4252 26187
34891 6618
18633 5780
29061 30046
32579 4930
17473 15976
26659 774
12358 23137
29288 31109
8697 5045
15204 6165
9446 6182
1737 4021
3120 41925
2386 36438
12500 30751
19111 18372
17025 43098
21995 22811
39126 4823
39732 31378
20874 24123
4720 21775
28559 22380
16900 30530
28704 28575
16198 3517
1757 24268
22996 41106
21853 41601
42358 18738
28434 24278
17486 2063
22387 36344
24359 16091
41189 42675
44533 43227
33975 34398
10808 42288
41600 42958
31197 28838
445 19705
11662 27783
22491 9510
18891 24783
9144 17953
5755 11018
9257 39049
8861 34165
11584 35977
1562 11157
14678 20697
44558 8718
45285 11150
28347 32340
25644 42012
12700 22853
7426 20573
31345 44425
44191 4330
27074 12027
10962 1649
13073 14584
8534 3858
40857 35706
39502 37591
23794 43101
2038 35522
30598 12373
6953 44706
25537 29853
13599 3867
29493 36240
44331 25410
13499 16553
15454 36956
38150 7741
34361 14494
9613 14649
34131 36984
32785 43815
16621 10640
38368 28336
23940 42616
15065 3875
22890 10927
