882 55743
5785 27653
53135 19229
36589 693
43377 48866
6465 5227
6635 16527
25381 16424
37316 5949
33936 39154
3137 21452
2667 2447
47488 34410
53007 14042
21727 51099
28829 9018
22844 12444
4560 35023
45816 23178
24362 10791
45531 49128
37870 395
44021 37292
6259 24307
36409 17028
3333 50514
42422 48648
29997 53608
35637 25562
50369 32085
31115 2164
25837 27746
20988 38402
13382 49275
36061 458
36644 33451
5495 18751
45702 7780
306 3920
15431 24050
34420 2010
6915 8854
29979 21550
52691 28409
37196 16588
4305 26034
14185 18969
51934 6197
11123 3343
6984 46535
47867 49020
2682 1939
45892 49254
41166 5432
28852 9933
14212 51721
8248 39932
29356 55314
15818 21239
7249 51301
54755 49488
36446 24863
10754 47596
36281 35567
15564 31359
1526 11364
21759 20496
52134 55498
25489 55285
54059 41230
16157 13994
35560 23034
14738 39005
21629 19321
24289 23799
576 13464
19262 52066
12571 55674
37441 18337
18793 45953
3591 12267
45686 28808
14539 35897
54923 40680
37598 46676
11082 17974
44442 5802
37024 30043
8477 38965
26058 19245
1055 2747
5241 4895
1523 14059
43894 26543
10705 51718
10983 5657
18165 29766
41578 37498
22018 14198
7554 49956
2973 20531
39899 31494
53396 29363
47354 54532
9372 26411
2789 29290
54255 41248
16649 31042
9293 6047
22263 38424
8271 7767
46825 5167
35557 5738
49504 35700
33634 3093
47087 48413
34228 47381
770 7525
30139 17743
26554 17023
6280 49183
28250 18779
20248 2185
43893 13582
30268 34568
49497 38031
45516 36609
30830 35222
2952 152
25078 20809
9548 41260
15747 40496
16143 35899
21831 26386
53986 49923
24813 29857
22066 6308
46655 26758
17983 44398
35504 311
46864 38524
651 52669
48825 54298
22780 53652
22540 6470
51734 19995
53359 12105
38591 8325
44080 55191
3452 8553
33849 30605
26997 21980
20518 12637
29432 36982
33743 36374
37090 13880
40552 15110
16212 6846
38314 11116
48486 33026
18977 44400
10584 26357
48790 32037
44755 2165
48193 2054
41146 20130
22081 12784
19325 41140
33113 44689
30803 26248
35691 705
21388 15825
46736 2154
50553 46231
20087 7162
21392 11835
35819 13975
44870 49586
11886 54559
24912 38301
17612 7508
45404 7187
21664 230
36608 20046
44167 42345
45898 42888
5125 31590
50632 31979
4583 2697
3815 13596
44754 17212
40988 47558
29024 41836
33779 39927
3998 31684
39722 41413
27294 12797
10079 32731
17858 48246
51628 22056
47154 17474
21829 7312
1062 27362
39887 6235
51571 27960
11965 35100
47657 5220
44826 7096
3477 46350
35303 21188
4685 18785
14497 11044
16773 2977
43995 45804
765 17864
29288 23100
44621 20373
53143 25670
17704 16191
40892 9994
53929 52740
25800 52126
6744 32663
53412 33664
23913 3325
24732 19529
43238 3072
37013 42855
41975 35913
42204 4218
26177 33586
35655 55027
26651 12529
23846 164
48571 12592
32290 39836
37748 13899
25985 20849
31227 43709
55085 43093
15026 17940
28965 23425
28454 33361
50958 34972
41871 40638
43031 32087
50076 34730
27707 15488
18811 49837
36033 49388
37206 22677
51872 47327
27682 26163
29816 44845
23396 50186
17898 3910
37537 37375
29371 40793
40443 19250
29608 40590
1986 10032
52296 6617
9738 52164
11829 30004
3095 5429
49038 35189
55476 7499
36846 13788
6821 41691
5362 26744
12910 31903
23442 36138
14601 41274
39847 7902
53953 54107
12109 55321
48133 43352
28244 32719
22689 44085
35412 13806
54747 11706
28421 46781
42658 6917
12510 1924
41476 27830
5570 18412
24281 7800
34501 46218
45234 12215
20694 1963
28653 19577
11833 28512
28443 30024
45284 29345
23972 25023
48432 33190
13909 26250
44706 46456
30518 37998
47344 10116
31762 51058
54401 8773
42474 23139
44473 13368
31825 43295
44186 51598
31047 1532
20881 38271
4473 53025
4705 23976
46823 17135
42111 36410
51427 52876
24859 21139
32572 51755
14189 32971
207 8622
20865 24642
25418 22489
3659 2989
49375 13447
30835 11404
13873 31659
2126 32405
34359 42326
6754 34646
343 11882
36733 21584
29433 2750
15471 10043
50181 53683
44399 22039
53344 15942
33742 39536
20039 47452
30711 4470
12679 2535
42885 32965
9891 55072
15171 26339
4297 30437
3246 20507
8167 29511
27611 36895
53081 49520
4514 43595
23659 19295
11526 47716
21855 22007
27541 36387
52494 4380
1923 9667
27379 33298
53681 27297
24886 44572
11705 39635
865 27199
43099 51674
43409 17686
10676 31160
13796 8691
41789 55268
28285 43196
30081 5318
15586 37067
21882 19971
52354 17094
50738 43240
25021 39822
42191 12922
39667 47398
47081 3442
52221 45740
16353 9128
25012 10382
50823 33497
13617 6296
2634 24394
40795 22999
18505 31034
29958 24146
31130 37514
55010 48806
53916 14906
29230 21415
9723 23805
8695 22931
15899 54831
25820 50427
20718 34247
16510 14768
11115 1687
17098 24741
15637 44987
29951 38504
2598 39101
18723 14299
46159 26442
36083 26481
32517 34536
55098 7500
46005 40018
37451 24008
12988 39031
37500 25726
27457 22212
26255 16733
51616 5736
32899 43981
31751 53094
3493 51016
21627 12396
34682 30659
37488 23592
27546 51681
5513 43903
5403 46415
47565 19225
43198 39349
2893 48645
22943 51558
8270 51624
52909 37579
55269 34585
44001 54384
27555 50869
8753 40757
4612 52220
33716 41090
8437 30305
9109 10629
9519 52485
13276 32655
9053 16072
14540 47875
22847 19209
19366 21460
7195 46128
47763 32873
14179 53899
29821 42991
38540 211
4856 24277
5006 14573
55593 49359
35069 47436
6079 10334
48605 44122
38215 55195
36437 20318
7082 15674
28348 20302
34393 50802
40327 15765
39106 50549
36966 28955
606 20458
16007 20195
17939 27308
34097 38583
37460 33573
6065 43750
2883 51687
46631 18774
43723 16580
39986 18817
11470 51436
46324 55650
28559 23484
29118 46022
36746 16540
30676 5868
41650 7502
3299 50606
49609 35795
8028 46256
30295 37886
2035 29260
37535 36244
18451 2965
10693 36444
52394 35282
46903 7098
22245 36225
45613 2306
16440 21818
1897 53500
11794 3671
46785 31920
19380 20602
43407 43020
4189 18667
18187 2058
6467 16465
30762 39335
34111 10785
29682 998
52356 25398
1016 1949
50713 1327
30020 26816
51978 24702
26825 1604
32347 49195
24906 21577
42161 11040
11567 35623
31196 45377
43846 17657
12497 37159
50784 48909
21087 10110
2422 3391
6546 45688
51457 3602
7127 23084
15532 8000
10299 22220
45272 13560
15950 13723
26949 54213
23522 40936
8067 46865
40794 32263
24572 36645
24569 34383
26600 24420
46174 48199
21671 51295
54166 32238
34919 4150
48739 28523
16916 16598
25757 51765
30193 23992
3833 23022
13776 22686
33974 9765
32031 54908
8861 13127
13968 21609
53300 28441
18443 5714
44425 45083
38545 9235
53151 5139
13973 7311
43262 40083
27630 40215
32760 28473
5912 51723
41822 20067
45555 44208
3051 35418
55543 41133
28437 4513
50316 5575
31864 43471
28215 4814
10490 55724
38377 20170
43994 54895
40393 23649
39535 21744
26111 19677
54225 19487
5567 19727
2296 54683
50723 4607
24461 16990
2824 28271
43434 6195
54138 39293
11679 48700
55640 9652
26748 35549
47136 33678
22341 28472
39900 14025
52170 53134
51539 37203
2202 18155
19346 39230
8003 34227
36553 54334
39737 13184
42197 52562
19172 49141
36541 13460
53909 54883
45721 27623
51668 48694
55323 24135
48356 2124
33311 49164
24028 31613
46275 16581
6676 55632
16661 8775
20671 37127
16937 19691
2690 10003
6068 41908
3762 9268
20134 8425
11095 20677
7346 6766
5009 21380
2066 15041
3293 30507
13510 17662
51193 53111
37296 55322
17095 47724
33375 18861
20921 10644
10247 31754
26249 13275
35599 38062
55606 46712
46018 6289
47348 54429
28710 27672
33303 38879
44391 43095
13756 25397
23283 49517
34220 10306
24369 43527
28358 249
11981 19608
52577 10956
3140 52082
9056 44731
44025 40414
11026 22480
42075 24467
50644 8859
30477 2507
18684 22398
48980 55587
31082 33069
12318 2169
35860 26122
9139 28262
6530 38531
19605 46881
40956 1662
6704 34699
53876 52725
5406 13192
30994 40043
42136 16694
6890 9823
43437 9704
40859 42770
4527 39912
19948 48387
9241 5792
3537 53468
3604 4100
51812 42693
31882 7548
51960 38190
55372 42829
36593 38797
7664 32135
45897 33110
17717 21275
34794 10473
5589 33277
38825 33669
16005 49431
5337 42717
3450 31125
3540 23135
52525 42055
17000 52771
15123 40889
17767 11318
4893 39561
22005 28390
50164 47649
12262 11877
46328 40196
43495 12457
44317 44143
53065 16006
41546 25092
37172 10927
7877 12477
33368 39298
10253 32392
46354 50272
38501 41298
32022 16777
19927 28102
27196 46175
54856 1907
37204 38226
47591 429
28245 43360
10647 32059
47732 27760
3706 45264
6507 23244
47977 50051
52661 31218
35397 24110
19940 30648
54264 49491
39304 36921
1101 14047
41011 47270
40658 22346
20823 29562
31312 31383
8171 20208
50914 53793
20721 43601
43813 1573
28268 19130
41394 30699
44161 3594
45639 54556
25959 1226
47029 22137
27782 43379
38610 43633
49637 18825
20913 3413
44747 30124
35162 30842
33718 34840
33579 16867
44789 5194
39588 45568
18045 9044
5984 26405
9843 40500
50966 18991
1178 43264
5768 37043
53064 3027
54297 36613
10279 11958
43735 35059
27009 11889
35586 29662
1740 50312
51975 25292
18080 49874
35252 20449
25988 40519
1769 55406
52174 1377
47045 31205
34306 35190
35220 3243
35703 43773
46265 51266
20904 47943
31415 50770
30516 36292
50407 21637
2015 31975
29896 15392
39945 31271
24303 32130
9267 43
39403 22925
50604 2630
12737 20860
11181 14397
33358 53369
42771 1292
29442 13825
2614 38894
6216 48964
7811 28160
1135 46115
1646 20113
46895 4333
1790 55721
11632 7668
2732 29492
53122 53912
25427 41796
54342 18270
24998 54984
47367 10709
46680 18440
20611 28858
38712 53324
11780 36210
818 28060
4109 52190
32117 15464
49604 46165
22142 55679
15345 6142
48090 52653
46121 7577
23140 30351
42248 44932
14483 28001
20670 20363
26137 5382
10151 43225
6688 11114
10329 20802
15875 31596
18172 19838
24194 27855
38629 15508
30194 37567
35281 38650
3001 46893
6608 29246
41896 37267
1748 38849
1909 440
41530 16728
20415 51923
26546 7523
17002 55394
12738 48757
37507 43796
12194 6865
6932 50428
48733 54631
3589 55662
54794 34390
38631 28876
15778 43157
51964 3488
26402 29321
29672 22957
39596 12520
45709 25894
37052 19016
33891 10879
11516 17422
19855 50765
5389 41462
10926 7946
18223 11306
33413 24085
54007 32251
21697 30509
18301 14173
7360 11370
37596 27657
1959 52834
38385 43297
47855 33659
22523 44069
18821 21344
40738 26379
44197 49907
45232 16935
20490 33275
50901 49230
27776 8627
14347 8267
4160 18268
48620 30802
16531 43299
28683 24431
43174 24904
16186 31121
38557 6838
43973 37039
43443 45831
55056 49916
12336 14803
31829 23357
38120 25563
53495 37910
48791 10311
19564 29856
43596 13068
28548 2264
