262 82913
81371 42985
23750 30378
31724 11832
61740 79859
75886 60340
57391 23550
30267 59147
67066 71677
16520 52101
30257 27891
82113 56342
37276 50778
32255 65841
21949 78491
2012 22931
2478 62551
37385 22397
50125 78018
1468 74717
55635 19755
73451 6254
3258 40958
59818 2568
80675 61152
33462 31767
77190 21231
70809 80268
64749 13278
63834 33135
13737 70223
66791 77934
13578 57028
72507 57951
64965 64548
31278 19175
54224 17974
32303 41127
57363 77195
38753 70329
78316 23837
63338 35812
32137 1545
33648 1878
6655 30653
39030 56985
26730 8967
7238 66152
56841 71098
1239 81057
27132 40273
39148 11512
79557 72843
21032 57809
51444 28851
29469 58896
64713 19486
45780 4120
62869 77478
10417 68153
16825 69247
23229 18909
61220 37577
51140 75384
20693 17897
1761 47217
69106 18697
40820 12709
59589 41482
79460 15250
840 64884
71882 6118
8974 65466
38649 39860
24752 69557
39857 35635
77441 33427
54506 28260
11574 44593
72474 6139
34931 9641
23279 66489
31589 17115
29059 53897
24312 51028
48222 44265
60015 75157
62980 78684
63992 76430
24977 14033
39942 8283
9687 19727
24107 21156
68658 21121
74014 53697
28295 3981
54017 7960
33284 54753
27310 8130
72890 64674
66679 15753
59720 55703
73703 4902
1948 80781
79773 9081
43153 16536
30241 8927
78045 32351
3516 11486
28920 41936
72238 26019
45284 26050
68969 28806
48142 44214
71924 8833
25596 58892
55951 21021
38695 53683
15382 36974
63745 50276
19110 34727
30228 6608
42394 10109
73678 5918
73126 56764
3937 80730
22174 77142
48293 26775
22521 45621
25060 65763
8058 4648
48446 28623
29113 48618
24587 30037
11758 73991
55297 33315
12663 21328
13011 36689
41359 47214
82906 16083
11662 38491
59693 46897
16752 74486
74091 21684
43649 16826
49230 35261
68831 35974
40665 7910
38440 16544
80608 61474
57325 32540
29572 17759
81644 39323
35246 79073
70810 28223
32811 22943
18518 36701
33321 63975
73625 29783
26418 63689
59711 82374
42073 78664
31082 5420
16299 47840
43660 20848
63951 20706
59440 2578
29860 61605
82138 57823
69815 5645
31921 18109
1597 15955
13508 59215
68522 43341
38597 9680
12980 6061
15849 40289
71128 53695
21700 54176
6717 52737
23346 39816
62967 24933
21606 56656
52173 22389
35614 49857
46448 39032
1880 2204
34502 19380
49757 69053
52735 23253
57432 28410
50126 24549
21594 4255
48275 10147
60678 74255
32946 1891
15343 45090
74819 40214
43848 82711
42860 60246
79795 1351
59400 21903
39362 73428
77725 48069
6050 58210
74264 66446
52690 65819
33736 42803
69905 57
59966 55784
77593 76998
62868 45025
18104 8544
28888 3410
69645 14315
23732 73238
27553 78159
19838 72922
45528 17459
51144 55492
74178 31426
57794 29677
62588 28383
58719 8871
70353 8646
61008 17550
45523 31981
56075 9075
4154 80534
20492 36477
373 62577
14828 3792
82466 26020
47627 66825
56516 63806
62673 75276
33661 73116
73535 57156
6025 64209
38483 18776
13301 14343
67800 80194
35191 5709
19382 79376
5572 3589
63349 51178
14015 49245
33924 67655
50504 56388
2415 68650
51951 69353
75271 20090
67723 45578
54474 41638
24037 5604
28420 17527
48502 25160
17415 54270
58969 18212
5505 3817
532 43012
33494 62454
11889 13171
