561 89200
1971 71956
71293 84079
32075 42037
82334 39497
24192 6016
13863 82349
33738 46269
62101 84198
71559 70420
36301 414
53229 26039
69391 34958
48723 59668
59769 29353
60531 76912
37339 71055
62468 81581
77162 48556
74211 3057
82722 209
1632 7073
65031 28519
24209 6622
13559 64020
48765 65578
83266 80288
87244 81824
38406 21819
88761 751
85460 14149
78590 55291
54380 14662
51838 54073
40883 12689
28155 6678
77434 23496
60978 20117
7671 25999
6131 26322
54739 72861
43815 37376
26761 60371
64966 31908
61257 68324
35565 87769
18341 20945
3701 27184
30483 14843
39690 52036
33625 7452
3040 38830
3588 9488
64912 70240
49747 84050
15772 62408
46603 28433
12533 27288
57616 86125
43654 70977
49174 76126
33865 15542
49229 36405
43428 88149
50605 28753
30408 35499
5196 43883
44622 39908
49343 26182
7354 10701
10951 1365
11814 23392
56180 52247
77307 14446
46064 62624
32928 32937
37728 35050
32527 76849
2803 28588
3840 31351
5336 64066
53337 72087
32442 51392
78264 7822
28803 65515
66933 71007
11246 53837
64649 32712
61811 86457
81389 26372
66374 28572
81410 4131
70095 57343
52519 7062
31437 82565
57574 27930
26342 17792
29760 69761
76441 11725
18836 86549
37917 18884
33552 20650
9039 54391
29813 81421
2333 77500
35554 33014
64328 61883
13634 35279
12740 81178
772 46246
59964 88974
1919 41523
65417 85477
35025 87336
71755 70805
67358 18061
391 84985
36911 32563
21982 66260
49443 88400
61214 58317
24860 26529
14474 38532
26448 24890
63848 8387
18616 1141
767 58740
44341 12499
45381 30534
72763 10791
27299 51443
19112 31794
71495 43429
19536 78191
16093 69313
45992 8390
15210 3649
72787 82942
68756 13810
25182 29239
11533 78910
14017 8228
26720 15880
27754 59150
55558 19990
28642 71192
12507 6719
4472 80156
63527 26037
25369 14975
50470 55250
56055 44269
1439 16581
16924 9027
14898 19307
3920 14915
67207 38764
6316 77871
45830 57153
23875 31297
47993 46100
65308 21506
38712 10553
87169 13653
58696 41124
17534 45161
63999 27013
9112 15586
425 78891
81256 22881
83550 63485
41445 45526
14358 58208
78179 63886
12561 45016
43520 11749
33031 69372
24689 51703
23927 77330
82980 73530
58152 24111
22551 62464
10804 31306
5030 58084
79996 71065
48325 33845
81957 68795
58522 59562
6523 27171
14548 3023
37272 39624
70909 81908
71020 62999
25672 35831
1877 35217
63301 75301
47122 33766
39737 71729
25275 3767
6733 83477
35919 36387
23120 29682
47641 38353
1661 1680
32320 50329
37300 72788
53178 46482
22646 34479
85578 79056
78182 41885
2486 47600
22447 36400
65007 81325
32363 31921
45713 38734
58641 74503
73342 47693
30685 62795
32360 84719
87378 80262
87873 17747
60782 70668
66917 6721
42292 6692
83900 18843
32162 10415
34179 44898
63307 74880
81182 46898
59868 66487
72233 58480
40983 34723
26836 12483
55347 7104
26212 61249
58135 33245
6324 4629
60475 64345
53937 76550
65538 54215
87653 67335
34176 87915
59888 314
63522 16258
45464 87381
32594 54297
79528 76393
39961 42480
20461 83357
17356 76394
9986 83973
73544 68039
87676 54919
41008 60263
42540 21671
6599 68349
24797 58125
46336 3397
70267 18273
20999 40099
75014 18758
79025 38822
30266 25981
17777 44850
77766 34880
88689 22263
21822 73873
24446 5625
43469 46156
30066 87440
21083 44924
56513 42471
70848 85981
30296 36559
19190 81788
77785 38824
60252 47857
15947 61528
51670 50976
17878 58348
62227 41926
20191 49222
23441 76708
63625 50450
15545 42382
68900 33250
32629 32693
41390 12283
69424 9372
47537 1741
25932 83992
22186 49963
34577 33830
42934 77036
81744 22862
42184 27352
32432 21809
88397 31027
74702 30658
19057 50263
79847 4688
25674 44056
82534 65097
42193 69285
63373 26516
63339 19850
15723 83023
29251 42552
82574 46774
62658 40603
63551 13772
53606 49790
47289 60213
43819 60553
33772 55957
68347 44545
77835 11361
68540 82813
12855 16421
14418 168
41416 3366
79641 68589
34373 29314
18001 52088
51291 8007
70719 16017
294 47854
58830 88870
19525 58049
28837 63690
3811 78572
10581 40258
87034 14248
4373 52628
87541 37566
6809 57816
30485 55760
19825 7461
48617 70571
30409 37252
64470 3183
8815 16970
28585 42881
50952 72106
28543 37831
48536 75942
16982 85410
15145 36378
42145 41422
80363 80878
27967 24428
44392 79466
44948 80509
79035 7779
57187 28764
76879 65563
38912 69745
52001 31162
72784 45426
81302 72323
12953 56828
28392 65846
17811 23932
32904 77417
59160 7552
39616 76196
8249 79513
179 58721
23196 63121
6903 22338
79066 10299
35492 24504
30371 85409
82941 63290
73739 60509
9302 66801
770 23093
88453 49808
58792 4911
83279 2157
77247 17926
62130 72655
86987 80561
74909 64260
56410 83210
22459 39833
61008 53353
66227 40631
19046 85516
62426 17990
29209 19618
75642 17222
6169 15821
22919 18948
77375 66683
17307 2817
68647 37966
57242 60050
32408 28101
84041 33236
18490 87027
35693 5098
55475 52259
50520 49910
33535 77609
26435 30292
18821 44435
22762 29456
11380 651
11977 11965
75055 82610
74420 16703
28755 13194
32217 52936
40357 84266
51418 48773
21937 50890
18131 60209
80130 62793
17698 60677
33289 87744
37244 67797
49818 38739
50767 23385
43901 71834
17269 25032
51174 39900
67953 84459
45813 15977
39983 87967
61410 59269
32500 9849
14056 38841
71909 9799
69098 6553
63548 16155
45092 67385
46075 10514
71187 50537
60320 41530
37599 43666
70596 31352
31594 59032
63242 81505
43432 86959
87194 58715
71353 17636
37921 44115
51324 85057
80931 84420
58698 15673
72003 6383
45235 82911
3708 30237
10486 77399
88911 59722
81762 69058
28527 67510
69806 98
23330 6899
43072 30805
55480 3525
84 85124
3152 27798
8040 24647
25645 63564
30759 75721
74716 74736
77136 17017
35068 68107
51065 62017
2979 48950
36834 46572
76452 22582
62025 49761
4640 312
75083 11971
40216 6658
39695 20323
57373 29236
37805 2856
932 38352
54340 55577
26532 72363
39953 56337
77358 39669
87226 83390
69988 34408
26863 2932
68666 38767
2647 24807
29796 40705
24728 80286
17448 23412
64884 33356
72435 85449
1362 83075
49744 58176
80457 41250
71225 20574
37406 16699
19499 81107
79709 33870
10217 67468
85188 25622
36139 63657
80620 68619
26641 7317
13518 63382
68027 84622
42428 12363
9824 57591
65623 66235
22374 79867
86217 82197
82127 14989
30833 64711
71069 81146
19759 77686
21740 60552
86535 83645
79384 7025
22986 15925
24102 68621
9263 76083
23313 25215
58854 35105
56870 33010
81668 67445
39018 3930
60400 78989
51787 82680
86083 17385
72360 1025
71829 42090
68252 44776
54468 12503
77590 22521
69045 57843
81159 28592
6348 1560
28808 79367
62801 42828
57819 79990
1649 77735
33729 47806
75923 2878
2180 544
80502 62722
82810 88941
17603 25172
75803 76003
62520 51916
22210 67892
36086 26703
50245 21158
9812 49155
58257 73179
55387 2078
66339 59503
13067 24624
34902 27707
