587 89259
78883 45200
12348 54634
22790 81249
43997 23304
26756 1664
27109 18842
66583 40534
31870 3418
38204 47029
77713 45674
20018 64290
88853 79219
52744 50668
4153 77363
62458 63752
8732 58214
36588 6044
54500 33169
83116 47807
75161 19693
57603 80561
87387 57729
47617 65756
74875 7421
56894 69681
78264 15484
45955 44692
80708 41778
74300 8998
28129 66035
84713 13702
51088 63038
61344 33813
53707 18148
53677 38650
37697 79670
56376 58559
13168 54826
4982 80844
51124 89156
29030 77115
64970 26463
2912 7811
4807 13179
30759 20780
66803 32358
255 80800
44870 73851
51343 1539
17855 8455
87465 21501
86169 52673
58053 49657
39549 79825
52852 47939
66283 46296
3504 88390
66978 9315
58576 12433
61880 62952
40374 11798
977 80554
8604 33874
9741 87768
24587 11716
69999 86722
8555 17411
50796 73820
27356 12008
45226 41749
7627 81736
54256 46167
1834 74409
14096 11287
2756 19987
89115 50599
233 30548
32733 16272
63731 73289
49963 32637
3517 31055
26244 64580
33195 86271
5368 13849
6132 39921
45231 38554
46849 70576
1032 74394
62110 49375
19406 36421
50757 89258
62932 21865
70859 47351
86510 78848
57488 2005
11832 85296
14533 84988
54629 25174
86871 52542
18832 32868
81604 58322
32420 54032
25829 52663
24845 6856
69764 10140
33541 56066
64037 17648
70509 4578
85366 24762
19930 550
79898 74567
55977 82276
10920 84621
26713 6377
18427 32908
46853 11965
59797 2139
87719 73107
20516 15745
42981 69305
88381 50688
36441 15226
64777 55305
72842 53445
33052 8233
28883 43727
65621 7032
33802 85559
47954 30704
1148 74546
86484 10893
65189 27183
4581 24319
56667 48661
40315 65494
37790 322
8557 19714
79351 52799
57465 58668
54515 3486
50036 35386
71874 85636
88792 64553
57356 8787
32088 40999
49316 56922
50667 8406
68804 57972
50253 1826
5875 46400
14086 73441
54132 23621
34901 42683
78551 20877
88566 62203
21966 82680
86335 49735
78365 19199
16335 60060
17233 42336
37757 15947
77771 60222
68170 76241
73488 18544
14240 53706
43323 64681
86944 43260
74919 68570
23550 77806
75916 82966
86755 55054
84068 43797
43486 35886
45545 13768
56397 18265
8034 10576
22889 5552
79750 46186
38686 68174
13537 67432
74307 82132
10297 27216
48996 6510
43397 73363
3334 37399
65513 6630
52561 8880
36255 68423
18789 144
80232 1878
47286 78387
67313 78773
31311 18805
16844 24759
16384 60747
29271 3402
56648 44873
66963 30831
60567 54957
55825 62792
30995 66685
4928 6574
78426 436
58493 26176
72879 79992
81893 53165
56197 16063
35401 82430
58499 19311
88629 85135
62554 30245
85215 69028
73006 71637
45842 37654
89018 36568
53261 33650
31703 48584
7558 61102
80068 66236
47671 45029
72356 22369
26308 25238
46063 74424
64064 19515
31600 86803
38493 65646
83253 18941
38139 82785
72126 44590
43130 23988
26728 50128
35128 16972
15145 35000
6723 1847
39364 38807
52103 54427
38238 25004
27415 33595
70745 43926
21678 8935
32323 2470
31218 23708
64720 7141
17367 6771
45411 75380
84559 64296
41000 22032
1758 84069
80031 32280
27229 28149
84360 80215
69034 86602
27432 48999
76335 68886
14981 36227
55920 58917
63540 75524
72134 74950
35135 11290
22685 31968
24844 39236
28443 79817
4408 52829
74779 75220
15107 20528
886 40335
8817 76019
83501 85694
4050 60483
59346 63219
61027 3375
16164 41219
19268 44513
13316 4434
55384 84149
12728 49451
21119 34131
68751 15817
18189 37105
43595 19971
911 71395
89063 10980
86504 16565
52790 56691
14482 62433
3645 72660
17389 337
69732 42312
46679 18211
63606 31988
45229 41660
12589 57221
71209 3523
30099 57013
80667 88938
45750 10307
76686 65829
38098 58130
83975 46922
53554 5222
8849 5267
52246 21422
13065 64014
56948 73490
76431 32497
12872 47039
2996 49284
14748 76382
1958 29303
7563 18866
11261 62468
5493 48456
43966 29823
27184 206
20342 25950
65222 49189
76508 40571
63203 37095
67360 59592
65652 69114
70902 2494
9995 87747
88268 36168
88506 60417
8895 10580
19056 56282
48492 47821
54207 76235
57821 29697
32761 43442
16448 70424
84122 58266
40950 37327
10152 76573
41902 69816
47103 46680
17383 64608
61623 82970
64410 38176
21976 21553
17687 37501
65965 50313
4184 5469
28135 19534
53729 85763
18018 81973
64652 19623
31392 83562
32293 65104
74154 15532
18431 24934
80053 71677
35884 83616
76756 78176
13337 88693
26036 12718
25923 24978
75954 62430
37663 8835
32082 58767
57247 39054
73655 44986
11001 7507
59128 71576
85192 40821
64128 28110
21852 40184
87367 74841
6467 37778
5838 73503
13873 59118
6779 731
87161 64264
89237 3836
7860 23048
73214 8947
50914 20678
65960 79516
28859 16134
43781 5870
73445 113
7634 82361
25731 80314
63393 40597
30355 68500
88120 54592
68017 81255
59197 19613
7648 88378
3969 17034
23337 26160
22472 32511
59588 11976
39661 25477
48912 73297
63041 56479
89002 12815
50922 4518
58464 53450
17027 86449
39875 36311
5400 80611
5697 9257
86461 10077
44869 22199
68806 4356
87914 24959
78593 81988
32120 71847
45382 25286
58179 4505
71467 9842
12614 60458
21374 71091
64183 31597
14424 12251
27450 79944
83939 28412
80655 59745
16326 51810
2743 66926
3791 58225
15169 67152
12378 78436
29100 11933
9650 28575
56112 55220
8516 38869
33626 76881
61864 25025
23480 13400
58351 53736
72622 58178
237 11137
79410 46258
84070 8898
16646 27169
13778 38093
81317 44695
39304 70412
32828 78284
36793 36634
19682 24308
68884 77159
76864 47992
51467 72545
76008 13214
55106 20187
664 15539
22605 30836
35112 448
72226 16157
38201 16027
67171 46514
49882 47239
14541 11752
8714 1213
33579 33821
18227 43025
488 15599
77565 71562
30721 56278
3510 14842
1726 69159
7814 42129
69636 12825
43032 65253
80387 20062
62815 43593
2995 69909
40998 25989
23560 49009
33053 31598
46672 57792
25323 12615
34067 62941
77086 9675
32122 31468
61210 51468
64212 85886
32931 69939
51014 7743
44161 34501
15722 66824
80074 45578
40660 81347
2247 67107
13522 22471
37826 6645
49851 70661
86620 14731
53085 45745
29909 38352
2799 82067
23470 21885
55732 12406
31216 50855
42264 81576
77965 87611
35955 37471
85139 74604
44120 25068
15608 77657
36356 4208
62132 85740
13353 19572
87527 1819
11354 47655
3749 60144
6384 69309
46792 38328
77435 81940
69482 69116
11072 76652
6599 69130
54454 29579
17922 52229
66473 37033
9028 54294
71888 40860
63859 26870
60840 28703
67397 88829
79858 88002
46463 10271
58775 35148
331 52920
41110 44861
59590 21891
34284 20815
32304 19446
22432 75843
87507 41514
24745 50636
64230 54048
29287 70619
16003 38586
58537 60450
57395 9531
88977 65648
72461 16502
363 8056
43895 57563
44276 78373
65480 8297
31104 76863
2913 28888
55508 20609
46219 49018
41023 64860
51977 77787
33008 67413
43375 35540
55513 25790
4361 54612
55451 43070
5785 75347
63562 57193
42466 46415
60671 58720
28344 36868
70929 26476
40724 26794
1730 16523
80926 68882
57820 44022
38841 81275
33362 28357
31802 36796
669 88159
84979 58564
44169 34369
61360 9641
43892 37923
67730 5228
38358 36811
7567 86644
87591 85541
74050 83165
36285 8167
42456 36991
26405 73440
53887 36050
44553 9672
66121 84412
10646 83113
85767 45712
