200 39151
37422 27213
19171 21444
30092 16954
37311 8898
17330 10466
7399 14917
9910 19553
6197 18117
38947 36400
1354 12303
24313 7082
21672 8489
13611 13061
2377 10576
20421 38849
31542 28346
18805 32229
20470 4101
664 29586
11360 5231
21008 36582
919 22535
15218 34080
12206 5953
20390 36874
12371 4664
2941 30986
23367 26499
8848 7564
20553 3402
5460 38794
6400 19925
4451 15473
27740 26295
7547 27901
12287 31368
12815 31682
24519 29763
10203 27889
3534 1356
2308 9442
31857 29449
35146 5704
31662 31483
26069 20122
8827 754
34679 38241
37026 15439
2797 23791
30548 11191
7722 25628
13316 32016
22816 9043
8040 35270
11500 19930
32569 1906
32204 7927
38002 18147
11804 7480
33975 33998
27228 28368
38580 29994
36891 22701
3421 30055
38273 14604
758 9905
8316 19898
7201 38914
8398 21826
33783 14201
31808 33202
38490 38616
12098 23200
6781 32591
38126 5906
33623 13872
28166 12573
4450 2542
11179 7419
11413 39069
26287 31627
20226 4136
31976 36627
23690 36243
14831 5468
21841 25778
19879 38781
25646 28587
29791 18113
3343 1284
2586 8340
11813 38655
30727 19304
36680 32380
24515 8028
22175 31088
24744 37150
5488 31837
1557 1220
6778 17026
19971 22918
34936 13675
1603 12707
18327 15524
29893 32632
1814 12902
22421 21167
25767 35704
34550 30471
35363 10789
2221 2227
31338 31491
12977 14618
28751 21127
35035 13027
30952 24451
18811 38270
16468 29699
30138 2948
20518 29121
15695 338
15547 9816
14338 36159
12327 579
2655 5697
22836 31939
23017 5047
31243 27887
11215 36501
16905 7093
19277 17365
14067 21331
38845 28810
6164 28770
7651 19551
8938 25903
8186 15878
32683 15692
17662 12983
14486 1052
10064 33607
13206 11696
17390 15783
33315 29129
19535 28049
8271 34324
15134 8048
29662 36086
9997 831
39097 15127
29951 20732
30146 8054
18518 34638
12873 1259
15410 32587
27905 36105
30387 4882
659 31601
12478 36011
37627 17319
33997 29810
16431 15833
4979 20940
31091 15325
25663 2977
18021 18329
13568 17323
30786 1877
22733 9769
19029 29447
1163 7472
5337 30335
25671 37609
7689 29929
13659 23742
5887 10287
18012 38892
22352 20054
9588 33341
8135 38785
25077 37528
2 19176
7159 11669
25431 3143
14242 324
29844 30170
36130 35026
22403 24437
30736 13377
6176 10044
11737 1476
28417 25814
28808 24584
455 21043
35362 9996
22574 8759
19272 26680
2891 8597
35935 10753
8129 1552
