396 92701
35972 83357
11457 81236
66091 44854
13416 82377
69607 44984
76473 9130
4922 5794
6430 26877
16898 62543
76940 59932
27285 60621
12955 28406
72997 59522
9431 52222
51794 82631
92589 7419
50957 92074
73492 41954
38953 14553
15156 58562
46525 59744
22019 21907
49422 52974
17118 60425
67363 86455
26823 80134
55050 52565
28773 5615
34183 5979
83430 89947
30526 87567
19497 3286
79695 66108
55234 14935
29781 602
37494 7070
51823 33688
51630 11975
3288 81481
6044 13484
42897 88673
81119 84141
17177 35977
35904 13747
22124 66922
14006 45282
41601 83891
23429 25403
60614 65547
53718 81833
77634 83135
9333 49727
79533 11823
57090 63505
42396 5669
92107 90839
89560 70895
59050 28034
26428 49338
48743 72412
46538 49306
14063 28259
57743 53266
36147 31645
17475 10170
68685 40012
69737 29040
48754 69846
70747 24551
60785 41904
59031 87846
25702 58194
3506 47646
29935 89535
30164 1598
4432 41100
42123 42543
13679 41508
49384 76722
85299 4457
42596 38813
2697 13271
24667 44780
47165 74382
61083 47314
43371 65867
66576 31008
18487 58299
15404 92451
19621 24188
131 90240
2189 14507
69088 48656
30371 22998
30804 26126
37222 88796
73552 29760
15098 76974
31132 59566
16525 77993
15517 15056
71793 20493
67140 4524
45005 61103
36674 11212
65597 50413
54281 75933
42230 11320
15197 62362
45069 30060
73983 84318
15476 25316
43822 16588
2202 6008
17338 13140
49554 4509
77971 1379
15258 55450
28512 62121
83727 69299
82587 41156
58850 85271
39542 77298
38412 92457
6877 17602
2831 17245
21473 68505
38289 25115
92686 72488
91737 42091
29075 59531
59313 41829
139 54582
40385 51555
92479 40415
35677 50000
77190 75979
49362 75988
27041 1683
76535 43994
19758 7461
20647 18529
64460 76580
77592 9924
64185 35983
59690 71656
12689 35329
15890 16486
2829 70736
43923 39082
91568 39089
44723 56049
36789 27036
35368 44691
50533 62683
20958 29759
13139 37759
70257 66850
37351 38375
54510 47227
90750 50232
78726 23566
2710 64478
82534 6627
52579 31625
31486 15495
79662 47635
65256 11437
62696 24762
82624 77896
14812 78329
17682 85867
32246 48475
86380 80905
71596 40050
26340 31174
58238 53927
53805 12147
80170 43798
39353 74280
79872 35340
39616 56041
37679 41949
66233 45455
29322 69144
61200 15586
68423 34206
49995 10612
20541 66456
60713 90862
82309 83860
29768 74027
27894 64785
86358 34180
87 19826
62368 77186
67984 68819
41783 33973
28277 84172
75642 25821
25501 14260
18133 43312
46307 24849
9486 86065
84133 46823
36757 58233
87835 87440
31552 68666
31669 11921
11537 45203
65444 28316
61202 83450
1551 64556
89104 53611
48369 10043
40949 55009
16911 45804
75471 4621
27611 13559
39961 46813
30778 77834
6780 86559
41956 73233
74270 35791
28161 3213
55428 17544
34012 17548
79077 88295
59098 36248
8426 66946
33776 91132
80596 15704
75640 34225
66115 12265
64398 68680
2644 9140
81407 27579
73882 22746
45261 76386
57585 52210
15520 16852
19450 23559
70657 24004
76436 41073
82126 4908
3975 71712
56171 493
81908 9318
7473 65653
46126 76203
71543 32779
82903 57231
29605 44095
51007 68149
75862 439
50693 70024
2522 23551
1613 43859
70207 40309
33875 8952
82117 48606
79580 6579
76755 85001
6757 66290
26008 31515
12032 38674
63060 23381
41683 34354
50973 1610
85692 55552
64603 83203
13167 80945
31478 56541
57086 57010
67237 78981
64916 15903
37342 59339
50997 17775
38651 64441
68188 14540
9874 16038
11956 10244
40963 53741
65424 9471
18544 28238
85315 57776
35693 9367
90960 20707
71124 61642
34563 47093
77593 78265
13948 34133
5337 87322
29858 59918
8039 63884
16894 15665
959 25711
84776 69782
35920 29472
77981 47559
86036 61837
30688 29265
8094 36301
79006 12526
19939 67907
17623 70722
23328 2905
4080 8752
70174 64736
10653 31581
40011 86953
74977 63803
85141 6230
77377 33274
17083 8407
70714 25808
68202 45155
57459 31362
23910 81193
28741 6920
9859 81794
81620 46789
38951 38062
31670 21127
50138 49527
52260 29247
7033 55327
35162 79986
66110 40980
70335 59122
25688 50544
80301 41327
5155 2944
58395 61943
30914 72762
34754 22501
11840 66509
42929 42297
15705 28288
86046 81144
57072 88943
92380 22586
38373 33813
25416 34824
1711 25276
47891 40797
31473 11033
82584 44933
22440 88342
87077 40892
89902 6639
915 41005
92145 34865
6607 34010
60752 19503
22155 39366
61743 69006
74173 38551
77430 22766
50861 85620
71438 29414
87886 70822
78398 86556
19432 4549
3638 34414
23179 13432
60810 63694
66535 13542
91320 13848
83435 28786
3707 82613
13409 87841
45290 2011
75677 57160
52418 347
92171 62015
40196 38757
72509 92407
81529 54337
61818 43169
38938 4423
20334 2475
86908 9387
44140 92408
25562 74972
62571 18467
39729 31202
82550 85389
83019 32370
65683 76916
40233 28427
819 82470
43212 17281
83029 7843
19386 13220
70986 72088
