883 58991
4198 52010
3284 49304
58494 18076
52903 37769
45752 39465
18264 39362
24303 12555
46019 9830
51064 49202
41710 11021
25909 8467
20168 8936
45057 23202
49115 43617
19851 45088
27854 25999
33367 50795
24403 24054
31052 16067
47620 18392
27201 12679
51542 55911
9684 58502
37785 58138
50536 34145
27596 17576
27403 55964
55200 40470
54642 13592
33108 12580
40346 53368
3199 16157
5530 4612
52919 43562
34676 8690
6429 56830
36554 53641
32683 41509
58605 27335
13319 31138
37788 34943
22452 17294
17353 9281
11048 32754
55585 35091
17421 55016
47354 2160
41770 55716
51672 49071
14578 45153
31588 33873
40661 17857
24243 58194
5552 7538
437 58937
50293 27565
5338 39287
12892 37661
17424 26768
25709 29676
11256 35817
23649 56563
37527 10266
42751 51083
49285 43556
32306 9620
33783 31748
49598 23913
20386 51973
56092 11189
33363 9603
25250 40969
3296 37103
50526 7892
2788 2346
42265 17062
19691 48076
470 25384
12496 54065
34581 43388
15403 43909
29437 27144
43327 43112
36411 36068
30578 22415
49792 31299
15547 2960
31097 54664
9630 35200
39800 44836
19775 22465
7215 38033
58151 18826
7706 32732
23400 48358
44401 13714
34743 55796
26422 11764
45126 53003
11642 9354
13886 2628
57435 6686
14592 8525
16325 1331
2326 9914
56728 38912
55462 36763
5578 44233
26689 19910
26748 15168
14602 40420
21249 24882
10284 41612
13460 50670
17901 21943
92 42802
3852 34538
51979 778
24901 57139
2707 28450
22466 12703
32877 8250
13250 30731
38785 41989
45519 2685
41895 54077
18087 25098
28348 56872
54971 23624
49516 22669
11212 17331
113 21150
639 57854
16710 10599
53602 48853
37838 27260
23220 47224
35968 47335
33975 56833
11749 30044
17051 19758
25150 44841
37094 37546
34196 25623
51571 17799
30815 56646
40791 37638
7523 30967
9889 27500
56000 21335
9753 10287
30306 27431
55249 8554
35702 17687
30422 33616
29707 11222
8990 27538
3120 20704
57536 54384
40062 48306
48480 51837
3410 51381
44180 32427
480 9943
30887 32205
23310 22011
19827 28592
24093 10270
1945 34892
19484 57907
42768 47078
52484 3932
29062 30579
39818 52560
35787 37232
16883 58755
57901 30547
42661 12773
37591 42471
8170 15627
49065 16750
55718 29915
49723 50497
12158 6750
54548 46303
56868 18955
17591 17187
40330 28609
21297 22400
2434 19764
12416 56803
17022 54836
52866 20397
25945 25884
35872 54066
17791 13315
25120 46050
310 19183
18671 57560
46589 42442
10414 528
33138 375
57633 4679
17146 34255
21652 4217
52259 39224
26146 32013
52479 45139
44639 55428
22055 22065
41655 39466
39763 45015
10397 54684
19364 7608
22330 45600
31992 20114
52652 53776
45042 34111
21318 19921
35608 41180
36172 28921
24561 44477
24948 48451
13964 57407
4141 15862
12267 28520
55898 56254
16569 33631
38928 58690
33366 1245
1839 12676
30047 26145
37170 54808
23467 45602
2728 43978
28536 32577
46180 49921
39427 44620
19437 35300
12820 49444
4678 17419
47729 35443
49177 41169
5452 44562
50394 5551
28981 40958
14717 44223
9546 57098
25482 27617
31512 51877
5508 5189
3661 9361
19626 48444
37880 8620
44807 34390
29189 47358
46801 51746
4414 23844
56943 38273
3688 1711
53036 21767
14793 48787
2198 32313
9195 52676
58982 16797
50151 26448
58447 44787
5467 26248
32676 11685
29338 2091
36155 25368
26569 43548
17063 47926
25193 58137
45369 79
1907 13166
45251 23416
11856 56877
1560 16889
55429 37519
29370 47983
5992 20695
54748 58130
9875 14635
13674 41143
35995 26888
19650 58274
19809 31397
48472 48967
74 45107
14667 19858
15377 42521
7915 607
4227 6944
50061 3937
44038 14863
24712 29012
39455 7405
7140 9029
24878 8660
6312 49700
4765 49775
44817 41851
6903 16902
24168 13337
52349 56107
13586 52609
46457 18522
58809 18738
26376 44049
52729 3682
34877 12781
52965 52571
35877 38560
42566 15528
19668 31729
6218 29808
28540 2806
5925 11365
33179 44982
35984 32844
48496 58225
25859 55243
4061 33983
5002 51887
38123 49080
17276 34738
50517 21163
31922 47528
38054 38464
14402 4264
18588 18197
42342 768
55480 16391
8118 23394
24410 30104
57588 16432
34056 14939
46784 38
44377 35
48650 11118
49510 55604
2440 33586
44680 20480
8454 53443
33271 1804
39454 1246
47327 24998
43095 28210
7928 35917
7952 20974
14283 28175
20088 45985
48117 49183
58499 13012
6236 19243
7101 54646
4440 56939
4470 54824
47827 40628
7153 38905
43057 55452
43135 10899
17285 34669
31583 9852
27298 18417
15771 11588
48225 1137
55014 22973
26583 54330
41861 44351
45130 23529
43874 3824
38521 2293
2137 41607
28070 44887
7492 1129
42423 19074
40231 9871
56811 29475
37184 38665
49267 7332
1431 57521
11543 2230
29935 40028
38465 49791
35314 14993
31387 55055
36657 14867
6069 40572
51539 18211
24436 35862
24852 14086
49788 41240
27815 49882
58819 8539
462 18228
29512 50892
9063 45091
39662 33976
14500 51263
30361 22549
7006 18317
33048 22606
32989 49150
40765 18898
52302 17695
56582 25550
52135 52539
23143 34526
54151 47473
29269 19923
21811 58136
1892 21486
2080 48736
35469 12558
50382 31541
9092 18867
29436 29615
28544 47223
7537 44976
17139 22766
23825 41029
49514 20157
47369 27069
13850 40511
57980 20708
48094 8115
10518 16757
42360 16856
4041 31106
21278 16979
44169 49242
34760 31597
20011 2974
22666 14959
4135 52701
52666 321
24383 40171
40563 53026
30742 36204
36706 16969
52256 18020
34038 54217
13500 47319
38418 47374
5216 54134
49397 8371
7441 1170
44077 55903
15095 19612
13003 6481
8185 25690
28802 451
58336 50289
1327 5580
54164 35770
43649 54636
7749 28300
51680 5676
7144 25409
57400 38158
55628 14115
54710 55002
15331 54360
11439 51984
18027 49448
17057 31688
35096 27740
26351 49132
50667 47974
4543 23851
50776 34768
9556 29811
28244 51987
5333 21126
16385 22251
53078 5137
46258 15664
3320 31051
22680 40473
56954 15602
54001 12009
6534 33979
5892 17084
21921 57909
37268 12269
16399 33837
45877 14482
22406 3587
20653 14822
23956 11348
12454 9021
49210 23347
21886 28580
1611 9864
26691 21508
5389 20470
32902 41539
15697 30231
161 24816
3988 6953
56933 46840
11322 26862
19821 30187
7819 1621
55586 38956
23831 51186
19154 50696
36188 5134
52216 14053
49123 21793
27803 29418
33706 46951
11514 35419
36707 52673
12556 10205
2864 55724
58596 7923
12811 21694
45281 17526
31108 10543
56952 46081
28298 38172
49874 12438
58918 53448
1286 23095
40040 21062
54750 15208
47633 15342
46078 54675
43197 33881
54465 47536
29699 8276
55613 51360
21230 37717
46112 7833
20628 30250
18174 4358
42272 23947
52182 2630
35280 12993
54992 4846
18292 20216
20046 36010
58527 46043
36459 34888
44954 2403
38569 56057
37106 16607
40052 27171
26881 48655
11750 58725
46678 11018
50807 9466
51403 30698
33882 27809
7528 26732
7171 24836
44739 30279
46792 27273
18764 56720
33670 56252
38142 50203
35811 44933
33189 26474
55968 6833
18219 37158
28497 40685
54910 49891
35483 37272
37823 4548
9113 48790
33497 51678
36929 16525
3162 15678
15906 48437
42489 30022
33909 12600
40519 9653
6071 9520
51753 24514
7427 24987
3606 39004
50310 51978
43406 52631
58678 13456
5336 36693
33419 24082
36286 10118
17601 30431
38600 23473
14303 27283
19723 29885
25761 56613
26823 17240
43906 41614
30819 50328
29686 16412
33553 43793
3047 41374
36052 35531
3084 33170
35284 51557
19568 23308
16731 28472
25279 56083
11772 10034
29147 18819
25864 6635
51697 37634
26674 24014
24007 34221
8425 40347
27017 15746
43746 26694
36169 48392
53994 26371
29027 18248
22710 8980
26646 16396
57878 54099
23584 5408
12377 3778
26542 37070
31185 33282
20101 40554
23912 1509
24875 7557
24234 43718
45734 45544
25199 24867
8399 7090
34127 16050
6368 57046
30646 27525
12143 50534
5418 23247
28918 36808
55643 28541
56096 37421
7982 12080
5258 28139
20051 45492
46041 5445
57782 14596
12819 24205
45345 13372
2484 5377
13795 30546
18958 54669
30898 54716
44559 2601
55010 40213
16113 29210
9268 20647
24493 44300
7852 51873
51910 36428
46338 50490
42510 19506
36117 58316
12489 29461
52481 37834
20716 23246
26372 14358
20887 55524
7230 54730
14275 35391
19140 21289
10063 10261
52180 29564
9176 35430
18848 46014
22023 47014
1235 33898
22307 34708
30015 43516
28039 52361
50340 27900
45310 38735
48134 54210
49256 28392
47174 44913
34596 12639
27956 24783
2363 31489
31303 19958
15777 35577
50856 8542
46791 5929
40543 16072
21211 26535
53767 1638
37871 19876
32117 21404
760 17127
4941 56900
24189 39106
13911 33152
12567 9688
14239 1262
29324 17836
45290 34141
20315 54634
5704 485
53929 11836
4959 50067
29308 44769
39965 53706
58226 36450
29356 49927
49826 38754
37587 10143
20867 3387
31506 16132
16224 49153
41499 15588
29841 11029
29328 18091
6670 32367
29890 54374
3357 5288
33888 33859
4567 28201
57260 50015
33219 45159
13489 9402
42120 5680
44050 1717
8313 5335
15371 46815
4356 29783
47639 39843
12638 49359
4302 51314
35409 26408
19027 13353
32948 16145
10647 27297
22987 18425
39375 21637
11453 34989
36613 46357
28276 14920
23223 52016
9961 28102
14419 45988
5344 10804
7812 14384
58876 48267
9265 47115
27736 14452
58054 19493
28995 14668
1798 46253
56244 46919
38787 47703
34366 6868
43423 49632
35850 54157
22618 13150
9672 52033
40340 33577
6409 9955
24437 18768
24950 4327
50874 13622
27580 20904
7664 35055
44337 2192
38189 20903
41419 46448
43141 54829
43246 3143
35288 7612
32480 36414
44651 2196
35583 46464
30530 34551
11128 45464
31585 45661
21856 2357
42518 1600
53095 2033
24965 28084
44500 12176
30102 21466
12632 45629
55702 44676
14695 12203
42216 47518
37613 7582
58222 58548
4620 19575
53871 37919
36178 37311
18557 56357
58767 40759
10432 33349
14701 30157
18104 53497
57056 49906
55813 51551
21834 43086
8900 48751
18822 43017
16825 46389
24326 25049
17364 46587
11684 17844
26950 9537
54692 48156
23451 4161
37291 73
23083 56271
6630 32828
9768 57728
9916 28180
49910 10491
5287 38888
45792 26266
14479 18719
20083 3368
8165 44623
27267 51723
40267 11472
18278 34626
46707 800
44068 10870
58161 22240
47362 18444
32231 20132
16042 32766
16635 46064
55611 26135
24708 51142
56722 33578
40156 40477
35229 3914
488 52333
50391 14662
48738 5256
39786 53323
8892 58265
51847 27790
51683 38880
58932 16671
54479 45359
55725 55119
29946 30977
4175 43210
55194 21506
31498 37758
57264 55466
58948 5468
47211 298
36356 1025
51799 25394
10495 47730
40680 3646
28730 4565
43685 27841
45262 54420
36880 37050
58675 22292
40933 16096
533 29984
34001 34879
46877 39722
30174 5157
40773 40551
35005 2531
49860 57177
58369 24384
22467 33714
36900 742
4003 52996
55703 11407
20839 8128
10131 29704
5989 30021
17313 30989
