503 18988
14559 2109
18623 2514
15162 18282
17163 10809
14520 16797
9600 5714
13769 4268
9161 2415
107 10171
16140 4605
13288 18119
10633 5206
10768 15475
1699 15759
18275 869
7314 4623
11888 16564
7186 13629
9505 7034
5169 18290
14899 13349
16227 3053
18317 8747
12781 13989
4806 16429
5620 10475
5897 4007
13372 13988
2749 4990
11484 887
10460 18796
573 5118
13199 2019
11288 13022
5673 16163
3106 9716
7984 5057
11996 711
12261 12140
2668 2458
6152 3613
8996 15559
18228 11771
17190 4069
3456 11374
14053 16709
11179 8810
4992 10134
13469 17408
4685 357
10063 11835
18852 10088
10818 13667
11752 14612
532 7805
17734 11274
10561 11292
10832 6385
757 306
8495 16286
12843 17055
17313 16571
4166 15190
8988 14138
9355 18113
1624 10209
17969 760
11158 4677
10311 5050
2918 10195
15049 4375
6936 7307
884 18732
16590 464
14543 821
3324 6237
7811 6524
3742 5117
1171 11048
11002 14561
17759 282
16000 15201
12158 18549
15446 7382
7542 12402
11114 9759
12856 9137
13759 11435
3519 18499
16650 10555
12412 12325
16111 3883
15215 12525
5852 9268
12268 7930
16699 10980
2048 4962
5607 17020
15499 7406
4401 7234
1206 530
10255 2279
8817 6027
16469 13296
9331 8367
12338 7174
11195 4304
16463 6928
3926 6688
9960 13560
13012 13850
5193 9458
3338 10047
4183 6826
10378 644
9122 6265
10783 9499
6166 6880
9418 10112
8241 11926
13217 1535
90 10759
1616 14442
1634 5635
12839 736
15328 12144
5385 14750
8893 10778
2585 12404
11885 16729
18424 2920
8188 10734
9749 1209
10247 18070
18455 12791
865 561
6456 17997
8305 10617
3815 17739
6712 13005
17233 17118
7220 8681
1792 13541
18983 15225
9895 18595
5129 17338
8914 8283
12674 11057
10661 4864
6803 12810
6674 12108
12548 1126
6058 6458
13896 7576
6636 6523
13855 10502
6735 6598
17196 8262
14481 11858
4034 8749
14850 185
13907 17135
15520 15366
15913 5207
4341 14802
1707 17490
10707 4548
11552 5049
5063 8499
2521 13751
15988 10345
8162 3294
13934 14112
12275 313
9596 4081
16183 1427
7208 18011
3864 15981
12505 7525
7117 1466
11687 5055
16980 11251
2851 118
13956 1464
8552 3410
15585 3295
4670 15459
1556 10150
10432 15513
9437 5727
12609 8799
13595 12907
1581 1254
13437 3740
9239 7892
18064 2871
8592 5630
5700 18786
2291 12159
13033 5583
15170 15556
9996 14577
18834 785
14300 5219
12416 14063
14813 17633
7878 11111
8000 9510
16196 6257
7123 13703
8417 12470
3269 7384
249 2162
1971 9889
6383 13281
4343 10486
4222 7351
16359 10379
9318 11575
4768 2240
3785 13649
170 5871
6477 6207
7133 3941
5998 2225
5263 1842
16130 18425
17175 6541
15620 4067
14449 1751
1321 10953
14162 17009
13762 10346
16336 16351
16582 9475
11422 14404
6652 6345
11063 1016
17800 15885
12707 8522
10653 14662
17953 5013
4087 7943
8480 7378
14003 16023
15945 14461
139 18219
11418 3364
3980 3468
415 11537
942 16170
1313 3044
17616 5421
9479 13638
12913 17375
3600 11649
11744 18751
4957 14900
11013 17913
16975 7709
1064 8740
4958 9865
9927 6627
6370 14016
10709 6258
6894 14219
6163 11949
13679 15948
5295 9604
3581 18612
10963 14902
14847 18984
234 12968
8157 11891
15514 7859
1298 8482
10837 14897
15076 18684
740 9193
13648 5906
13692 1914
2782 18294
17777 9347
3870 3097
16450 1006
12046 9257
17967 5284
16298 18715
2125 15630
12381 13103
12632 9613
6405 13688
10183 11466
9901 10588
12354 4828
13641 16275
10196 2082
10082 13428
543 10289
14026 1992
2495 18774
6814 8441
15911 6303
4886 18103
14446 9160
11242 15995
9065 3543
16565 10680
7495 9240
2119 6740
5398 970
751 9484
2380 5935
6832 11884
15 414
18955 15069
63 17115
18086 12845
15777 2587
15292 1687
15886 17844
17652 13768
18924 15700
18120 12441
14365 10639
9384 5251
2139 1525
7507 16264
1907 7416
10623 13018
4111 5337
8929 17010
17794 12145
6059 16261
5994 4094
15103 17539
4656 11944
7528 287
8728 7007
8832 2112
3305 3166
3936 11004
1548 2572
13787 1857
10523 11914
14521 18434
15704 18977
1759 7451
9588 16647
2453 1517
12420 17333
11699 16388
9650 18298
7407 17231
1204 11861
6591 3079
14145 16841
1178 6415
4724 4862
5230 2265
18385 17085
15708 5578
12057 519
7836 11302
7887 1240
8192 2537
8473 8876
474 17811
9272 15927
15959 15551
5114 4639
12187 12118
4397 18642
2686 17128
13279 2528
14960 16104
2738 15726
2062 5058
6129 5448
4276 2982
9748 12096
18920 13221
5043 11461
1277 15135
3647 6492
7246 2397
5285 14509
4553 15875
15452 1222
18448 3475
5903 222
1473 9954
10448 8779
17454 10208
5801 9474
1805 5680
10638 3048
4103 18935
11049 17951
18409 1630
9635 10018
10943 3775
14704 13820
5947 14028
3918 854
17851 8630
6423 14500
10025 13826
11489 3444
4305 7315
1390 9574
6064 8233
7603 10153
16528 2142
8278 8209
11814 2755
14793 2172
8820 4424
621 223
5182 10469
13621 6818
8016 5520
9586 4436
5414 9595
14912 11154
10920 8222
3633 1737
616 13341
15347 8875
16244 6036
12484 465
12684 9446
16645 15501
1651 6703
9882 15712
3308 4865
10540 1192
10297 15473
510 771
1778 10573
10416 9251
9809 4901
11523 5189
11700 7141
3695 6364
12581 8180
6069 7381
14997 610
10087 5435
7280 8612
12186 7493
5277 11690
10053 3578
1640 10634
12658 3058
6547 12543
6361 615
12578 17458
5211 16684
1631 6594
8027 3504
5235 5715
18319 18311
17386 6427
18923 8081
15714 8434
9727 8614
8963 14146
157 8065
10861 3876
13233 7488
1329 18062
5685 17043
1095 17755
3276 4657
13860 16505
5810 2748
4872 1756
15792 5955
11511 11278
14406 16930
6110 13808
1828 4968
9766 5292
3040 3184
4881 17048
607 15045
3500 15161
6054 7102
13779 6968
10724 1494
14731 15896
18722 14311
2695 967
18351 14502
2767 6435
18437 14033
15254 14447
15926 16236
749 18112
2323 5902
8057 2108
11141 17694
