91 900
769 125
845 892
795 544
735 116
168 555
626 494
602 677
91 498
108 680
425 264
223 803
332 256
3 353
281 620
744 32
119 165
837 878
174 259
782 880
612 458
532 781
132 570
149 417
236 427
541 527
624 282
587 749
679 481
377 584
578 298
588 352
235 57
412 120
523 728
113 260
737 434
46 464
117 291
734 289
714 147
505 114
787 8
839 439
278 828
616 896
433 669
69 842
725 382
375 884
389 663
196 183
50 299
24 780
478 200
580 422
340 788
321 275
889 83
743 799
644 127
623 1
777 326
882 162
446 874
318 821
369 810
139 457
454 801
460 518
597 585
775 711
729 82
384 589
209 638
233 524
18 554
392 251
745 381
121 428
330 398
328 241
152 5
188 631
357 466
525 490
860 619
674 255
431 124
9 92
395 136
475 338
