174 26180
894 5516
23829 23331
15308 10171
15392 19280
6077 12466
2839 346
20272 24468
22989 25289
5856 3493
11054 5836
11975 1621
22358 8123
20178 18102
4058 750
22110 9635
25720 8585
21142 16161
846 3181
15660 2282
13686 25435
23355 19090
24254 5336
15318 24763
3783 8331
6599 8147
20161 9649
17561 906
21192 23230
19481 3629
10687 25166
19205 4721
21800 4235
23996 24506
12193 6732
21195 694
15881 24649
16221 22509
9643 1954
16154 25434
681 21320
1038 3057
10688 8684
12331 25226
22648 11438
5383 6039
21067 10514
2151 19030
14128 17238
3080 5933
12641 8150
20300 14362
7234 19183
2607 19056
22117 25414
5783 18314
9744 17500
4220 5277
25770 13191
10741 18399
9753 15056
13236 25201
7670 10033
23131 4110
627 7659
23886 9773
6400 5846
16450 23768
2852 9776
10124 9827
15503 10880
19412 18933
15236 656
21159 22985
22899 4127
25106 8837
23104 11736
2286 16735
20883 15410
16818 12
4403 22062
4005 8577
25198 10732
2141 19109
3355 8653
7106 4866
2679 13069
14483 20094
9857 14683
16140 15374
18866 11693
20616 22983
25387 14028
290 24449
187 23936
18387 2783
14044 19957
14259 23183
5769 10256
16061 15212
9448 11864
8902 12835
5712 9970
4002 2998
3685 14285
6646 18185
5384 19385
24099 24087
24811 16728
7803 7572
4566 12255
6664 9520
22969 10754
15339 18231
6177 16100
24730 15334
22788 21383
15187 7836
25471 18012
6559 14433
25281 18453
9009 21158
13441 18830
10664 4479
14902 20919
14161 22283
26115 19868
22397 24584
7996 5270
3480 11252
1533 16567
7213 18984
5691 20759
12768 12840
6026 7945
25415 19593
24429 21166
1435 21441
3122 3376
3927 24084
18241 21045
18293 18798
18318 4598
19779 8285
19945 22372
17989 12250
16473 15882
17755 9518
13975 22296
6945 25154
20033 2735
11811 5362
4084 14034
14982 12121
6907 849
18578 24566
3446 23365
6165 14461
19971 16467
20225 18985
16507 13990
15807 17530
22167 6924
3851 8825
23782 1174
24672 14860
7838 12239
24354 2608
18177 25601
19446 11572
15417 13999
2256 5448
10083 23814
3745 25730
3017 10837
