707 98161
43655 65538
4663 58936
2095 92988
8533 83182
72017 77257
30763 68137
10376 34387
55958 46439
58445 55445
31267 21465
6244 96037
15579 43604
89193 54315
25228 48376
52402 15590
57768 59871
23350 15923
68870 88000
92965 31211
59296 51628
11524 10748
60038 92301
74753 21299
85680 78315
19516 47492
8503 41462
13301 59044
42225 5486
35000 58280
73197 7828
39878 19627
72513 85667
7438 88652
69688 86979
28591 19743
88823 31085
61322 61256
46179 57392
72519 39461
31557 38530
79369 16551
60002 37674
76013 1935
9913 67771
80094 13721
19487 72549
9216 89421
66522 14839
12989 19009
11419 81835
54858 63583
21720 83074
25920 68374
6961 23730
11366 25693
4123 97534
9115 14842
62081 59205
7387 3690
89805 34617
46210 77273
47547 26476
56973 29153
30365 47756
30818 74416
60009 70967
68900 33403
39456 44777
55687 81582
37798 25397
93990 56714
81061 78106
71725 66157
24096 64943
49685 46770
67442 61500
86708 61242
39000 73199
32469 37202
55012 51169
9803 39479
24586 2065
14452 87714
79034 51012
72391 48918
13044 22012
73954 73371
2674 83866
62369 10512
44262 5313
87210 47136
96175 35822
14213 31393
95609 59714
20036 89351
20626 93625
12773 21887
90499 42758
1446 9720
27606 63572
84088 3900
49703 56997
3503 38621
33261 7986
8479 36916
93603 86638
97504 34568
3494 56386
24768 31903
71427 35681
30839 37848
392 72912
24147 3726
2720 59154
6634 89800
89811 71159
82013 53588
64777 35922
69119 9668
39551 67758
28658 15599
24288 33496
83943 23702
27529 9562
86227 41095
76212 49937
25499 14317
41059 87281
48200 77489
47004 6659
81329 13755
71853 97674
72441 61859
73846 31191
73970 92051
5191 30293
67988 69422
86511 78460
34727 17234
85652 92442
27437 33698
82180 9395
51853 351
16938 86948
57141 54693
45190 65059
69094 25249
18877 66394
87518 52563
31661 46449
64802 35748
19114 31190
91524 83749
28447 17140
83985 32589
92122 59385
21525 21810
77417 50244
77670 76959
34418 7807
3864 95041
64472 23882
86008 18932
1564 43366
12185 36927
50525 72797
32030 34102
41710 95720
91830 82606
4056 60391
24652 34745
44663 14568
88624 749
37785 62652
16736 32051
94730 57398
30644 32244
8269 62478
60934 16411
54229 25769
8635 7259
14677 97955
18013 87595
67996 85062
60999 56631
92570 45940
57478 24528
26423 18341
73853 5527
60295 44553
3720 23480
601 31059
54129 6835
92808 32767
51909 92493
25073 61996
5483 40238
14478 38404
33987 9456
64536 34409
33958 75659
73045 64244
54449 28466
87307 34342
34797 8872
85532 28124
44439 43861
79300 95386
23169 76690
60262 47729
79815 21293
16434 22077
37337 50715
90013 19465
94034 57571
76495 49443
42124 15221
60231 11455
96886 17513
80603 46181
9202 32424
34372 53628
20171 16120
37677 80501
63110 76557
96094 62556
50554 89100
62582 95565
53865 75809
47645 16241
54836 27568
74182 40791
28965 70238
1484 70822
46228 1664
63780 34164
30512 19134
74354 20511
9474 36203
77491 66469
83828 18776
55997 42522
64387 89519
80149 24918
30734 34175
46063 7554
3590 94663
74033 34697
48166 706
57969 24328
12230 68654
41100 6104
87521 69343
80762 16374
83231 26759
18136 34314
1951 47858
41641 38218
51032 61617
28571 77919
37057 22489
58860 88691
64602 39345
70871 82427
84721 34589
1024 84124
16415 73908
14415 81453
12562 74309
55951 39804
4936 55490
10951 46247
63980 62386
44070 28274
50793 2026
5019 80519
30373 46602
91111 93682
89 76056
11919 22529
91707 14184
32125 81952
32713 46710
52075 56947
25400 9050
92940 45569
53770 51760
8326 61140
22520 72141
14451 34537
85820 1817
59790 62184
21646 27993
38812 72169
9582 13939
72239 54586
10017 77595
75105 25177
3751 71926
634 6873
45912 250
3240 12364
77718 40472
75439 79918
34847 43805
56607 83257
14044 30070
45173 90530
89199 51178
11951 5440
1014 48234
21496 8753
40345 23242
43213 41666
71592 41706
33388 1622
67167 95810
4033 69886
94075 74407
24394 60068
35150 87971
71980 1695
89776 20676
82901 43564
32972 18386
6369 77357
13723 16291
32053 17540
72242 6096
76930 33573
3023 30431
87162 60322
21090 23976
2592 20254
32254 79684
95153 57267
61535 43807
65416 36819
70669 25419
85133 18365
1323 2353
74762 27074
76567 24014
34844 57678
26924 46669
22833 48434
32958 56277
57862 77821
60879 27979
13462 77801
40080 58091
82225 59875
45869 2258
37420 78747
90431 29683
69267 16209
60172 24205
66840 89440
16447 66771
29578 82003
29835 23970
581 8815
21241 55936
57807 29833
15348 32365
25376 16106
33321 23005
6259 24508
42808 38452
11226 90158
29482 81930
4005 96519
55413 3768
14810 66624
9504 82805
44428 47092
37469 30332
94590 69141
34260 65220
86015 41201
93874 1270
53023 92079
81614 65192
97106 67194
70865 1402
7248 31009
30019 90918
41475 28022
88679 89411
34647 23993
77993 69510
767 80522
7866 23028
25963 4167
75285 84068
45232 3774
26927 77881
92308 67065
22657 61291
97268 14104
17479 56219
57549 7784
92746 8410
67427 42452
28950 59177
53917 91207
85126 9651
10426 40577
16266 25276
93418 20867
84147 35351
68055 10252
62942 53440
54176 70781
55662 38386
7636 58312
46307 40968
11115 89546
88355 57233
9822 28505
78066 38296
76363 27783
76946 12447
46944 51471
40583 63750
31424 16713
39023 41302
69920 86989
15708 9602
61190 62297
1105 80129
88141 83923
57304 87290
1619 65678
18938 49374
78201 56373
289 40333
41061 56834
80961 16844
2436 39606
35825 68000
17525 68550
97968 38022
57653 57165
68954 51245
15001 67911
55346 72196
54822 32242
90456 54105
31144 71138
68878 83378
3486 3304
18307 97857
22763 82613
62074 82367
50811 24886
5504 76355
31511 4736
44166 97851
94334 17817
62177 29966
40842 34084
15207 91869
73389 78562
79591 16013
85161 71552
76421 26819
5065 33611
14469 61037
59853 65746
18746 97762
20856 73885
69923 1069
3337 71126
89764 10231
74640 32736
43612 909
97054 59930
74219 197
63468 90665
555 13451
96603 46323
8738 61810
89128 92282
42166 23215
63741 14714
66178 94682
93845 17361
64203 93960
49485 77101
84568 31950
35195 36257
8886 20091
77274 17877
26703 59642
54361 64530
4092 5501
56225 39218
94431 30766
19948 14679
56375 71925
82511 70067
86454 89844
62852 63003
81508 8418
96979 48225
37572 19122
81396 8617
9385 2654
86798 32910
73725 68507
70152 7457
36465 45187
22395 25094
17883 44223
26032 22699
88126 85755
10962 88445
49543 97283
12100 10189
3149 59165
66778 56069
81746 22953
5663 84103
7754 32333
4745 24309
10499 63799
92963 14017
72975 73126
1064 42896
23378 28512
70461 47944
86960 48018
32882 95841
22151 64609
64746 76826
84042 94954
52746 27953
37541 76425
14995 8300
14043 2330
61053 32787
24678 44227
90676 35980
86233 13504
7296 76996
55546 53991
43355 270
52392 29349
63734 59176
69649 31675
91684 9074
72533 32919
96777 59380
742 65217
67543 17863
23728 16027
92637 159
57781 87834
7222 94906
28574 8903
59654 92100
55608 32152
59162 43177
93348 35632
55374 72482
41383 29431
63200 9253
20793 58264
9631 35715
4400 47765
57848 2953
29466 38496
90279 65171
53771 57069
7924 81591
17626 20387
58217 26408
32272 31011
62222 82383
81319 32300
24718 51795
47885 81848
20121 98094
58970 24503
82301 74334
54051 26349
14018 78615
85275 40346
75198 12060
75690 11486
48098 5947
50327 81976
20301 27971
47764 63716
6161 63754
49661 37176
52665 66008
74858 1328
39988 58778
73158 85829
5157 9920
28062 39082
14524 50872
54102 60277
16555 18633
69558 38589
36672 37557
28417 33280
64288 88295
54525 96367
10145 86057
228 31264
90024 87988
91422 44148
26257 85560
22376 4924
26961 58127
12234 84242
77899 16965
51691 15470
85550 82699
18158 17939
61170 58669
59664 70426
87626 56499
78700 35928
32567 41278
22785 76252
57299 59072
30054 59209
14653 84048
70661 10192
79345 55493
20789 72006
40133 52749
48066 73569
33351 97808
20218 83480
38423 55603
82439 73761
2485 67107
71844 44118
16020 81542
15401 84123
72290 44468
51113 63157
2819 26321
72038 50767
59345 95233
29123 54860
65072 33415
82567 89751
81028 79475
1862 19211
20303 9046
6257 20859
11959 59916
57311 3001
29401 74335
29380 50408
18387 34543
16187 34293
89418 48825
80783 95455
56907 89227
13069 18854
92432 53864
82851 83202
56031 74894
2383 41651
18002 59810
52330 90199
2033 14250
38546 95889
27691 81518
94036 71624
93789 90678
15309 65999
19775 62208
93897 67620
18186 9787
21037 151
31576 97353
94276 92863
73993 82114
4974 76341
18794 16176
18751 83668
66051 30173
52156 3818
88045 34725
28058 80623
27919 10472
69017 94843
27013 32233
69170 29958
95984 58660
34913 78856
70678 47534
54568 94826
87196 55596
2244 28707
93963 73501
84722 53370
74195 89745
55410 1538
