82 50408
37079 15827
41800 13634
25041 39715
34801 9558
14624 40016
2172 14838
14074 16368
19021 38944
27992 20569
14072 20216
39815 34968
39409 48094
42875 13750
7988 30904
22762 35579
28008 4299
35882 14261
47054 46045
36480 37767
1995 13836
3057 1327
22585 17815
21509 50095
36091 16439
25539 10969
30874 20095
37876 38794
26014 29205
19799 44385
4173 25333
31567 18683
33922 9013
2400 12582
17456 37222
17291 2366
43487 24288
7356 47073
4541 11358
22114 27010
45394 14003
32246 23054
27958 7211
41808 16824
22732 8756
13446 24649
30003 35607
20976 45654
40031 28895
23897 14254
162 27747
36378 12970
47742 20125
46096 44372
3527 39266
35171 25558
16827 30651
4112 49487
9728 6130
22823 25316
1513 30665
42306 30410
32191 42297
14219 43320
17584 17625
5798 46384
10010 30530
20636 49288
1103 14141
41930 19106
26178 26148
28969 46288
43057 12146
11101 47971
46668 48412
1695 3635
1098 45429
40183 41025
42729 5691
4387 4157
25376 31259
48458 13487
4629 10941
