465 5416
1797 5158
1790 4246
3296 4152
4841 307
2112 4657
811 1306
3968 5344
5159 4730
4812 5069
4341 4529
4244 823
1971 2560
2794 2709
1917 2533
2770 1625
4656 416
3581 2651
873 4458
5223 98
1166 3908
1505 3466
4016 2704
1215 892
2835 3295
4119 1106
1079 710
3657 256
3619 3047
4759 529
4646 841
611 3486
5390 4511
5279 3580
4371 3122
2404 5005
4675 3088
3561 5221
2729 5148
2032 2066
800 4026
2818 379
2456 1656
2645 4622
456 4576
4522 4212
1805 2927
4340 3711
2418 2237
1353 4080
3735 1003
498 2438
1772 527
5177 5338
5212 219
175 2699
4781 5173
4155 4228
955 2536
4836 4146
5187 1039
2742 1404
1763 999
3508 1468
1543 4076
1277 642
572 3183
4358 5222
4961 2173
327 33
839 4907
526 88
4823 3230
4516 5039
1619 53
405 3498
93 5415
2824 4081
225 2360
4147 1771
805 518
458 5146
4571 4187
269 2738
1526 1217
2368 2601
4859 2782
4838 1545
1645 636
4374 1219
1631 902
4281 5342
3181 4565
1293 444
1226 716
962 2464
290 2775
3283 3582
3899 2660
3101 1847
5413 1617
3418 696
5225 3310
4630 355
3802 5295
921 3271
4236 4995
189 4220
541 2074
4127 1650
4348 4577
3877 4598
5057 4054
738 1954
2031 3842
5373 4251
3431 4398
2628 1698
3864 3461
2319 1689
3144 1781
1040 4410
4404 1062
3789 2819
2462 4168
3408 867
1408 3456
4465 3311
146 4219
763 4128
3381 5281
4620 4250
1436 2214
1352 2898
3027 3177
3567 3758
3280 3372
3819 4258
3334 1105
3972 2180
754 1231
2619 783
635 3759
3092 2221
2485 690
564 1299
4493 5061
403 2917
5217 1932
4752 2003
1019 5364
2072 407
859 5003
4519 3195
1126 3158
3712 3655
5408 3662
4520 3959
4524 348
479 4499
2064 3130
1980 2752
3632 4005
4013 2576
879 4323
3892 3353
1534 3575
4395 1218
3928 3505
2641 2858
5163 11
66 4255
722 970
2879 1582
412 4813
1930 5034
587 3604
910 3746
2831 365
1248 5282
4640 550
525 3159
2233 1162
5275 138
4767 896
3064 2718
245 2332
551 4021
2615 3430
476 3531
3136 5226
657 809
1855 878
4652 2343
5120 4365
5192 3013
435 4360
3787 1540
323 3072
3234 1585
3446 4910
1050 4854
996 4242
820 2024
4934 1196
1397 3078
190 4853
4654 4320
3084 3725
342 4391
4800 294
2030 3848
4835 413
147 4130
129 3344
287 2773
3834 2131
1135 3730
4879 85
2154 2499
3766 1008
1314 583
2122 3440
2341 5392
536 1447
2121 1699
1854 5351
2317 3385
5362 4407
4425 3914
120 2791
925 2087
3761 3974
2282 4189
4247 2849
5021 427
614 4383
4829 1169
1416 1359
1789 5119
137 442
2764 5052
3934 678
1728 4339
581 1594
5218 2230
3371 3244
948 2604
1406 2371
4289 2297
1897 2461
3723 4514
4260 4876
1616 1272
2521 329
1905 4334
5317 455
2163 1036
1380 4851
1875 1488
3629 235
4344 899
5139 4754
855 127
5333 4198
3121 4716
5274 1233
798 4437
1130 5080
277 5066
4329 116
615 555
1129 3667
4213 187
4248 4974
1038 5169
1804 1012
2807 5121
4764 3023
2740 4049
361 1227
3680 3743
4330 708
966 4028
1107 1852
2655 4010
5331 2292
2566 2046
485 1554
489 2065
3829 2877
255 1508
404 3240
4845 1495
2422 3720
243 1992
4447 4291
320 796
281 3703
5347 521
4894 4029
3784 5019
599 80
3647 128
3081 3014
2042 4300
4723 3218
460 5027
3983 155
4518 5137
314 2678
4263 3223
3098 1182
4215 4102
934 4541
1243 4087
1806 1888
775 4121
3483 5252
3578 1333
3911 1183
919 3564
2324 2149
1710 478
2182 4909
4122 701
2799 4075
163 4990
4892 4182
133 2331
443 4032
3691 843
505 723
3599 2895
1060 1734
3205 431
1713 5371
3523 2378
2573 74
5174 912
2402 771
4324 1953
2910 2203
2657 4319
700 3269
2472 3290
1141 4479
5369 2515
158 3661
2639 1364
2385 2840
2059 4225
4957 2137
4208 3918
4288 2304
2375 3100
1900 5224
4717 4686
4980 79
3433 993
2374 1323
208 2325
4492 4419
2676 2315
3002 520
2287 1077
2497 2926
3704 930
4355 4979
3209 4742
5083 4480
4487 2330
3434 3289
4137 537
3755 5054
1633 909
4811 5355
2671 4612
5314 366
5092 3978
597 2814
3920 3457
2119 2248
2596 2356
3501 2741
3910 1711
1009 2732
3749 4053
964 3153
1176 772
2963 2636
4818 2961
5028 229
4043 872
4183 5113
1956 1796
1087 3063
3529 2768
1456 5302
4768 1961
4357 1263
5283 560
3254 789
55 1316
4615 1998
1695 3386
545 1503
2832 4537
1069 4579
2419 2524
1703 4039
1913 4217
928 2198
3422 5025
4282 3032
202 1193
2894 171
5041 3388
306 2305
3803 1630
4226 5254
2690 2430
5312 1795
3301 539
464 226
144 3937
3281 2575
1061 2723
4202 4476
2052 3366
3502 1100
1972 1302
4567 5399
2919 4594
1362 2938
1844 4889
157 1361
971 3131
2642 2145
257 2640
4775 3806
2707 3658
3282 2753
3768 1894
3736 2469
740 2891
1911 2197
3141 4591
2406 1004
1198 3905
3178 5202
2509 237
3482 3679
857 4284
1777 1414
2663 3328
2870 998
5307 4756
1052 1799
131 415
4643 1878
5000 2638
4420 1310
853 3794
4755 491
2861 2703
