572 60285
17228 47157
5749 6792
45462 28416
50453 12365
40764 7226
51366 47028
28970 51083
31388 34793
43820 49956
27677 49864
23159 49376
1493 18901
31288 29942
4875 4636
27937 16032
15856 41423
40840 23412
19798 39239
18446 40568
31261 7488
41019 24673
57781 49869
27430 36847
46482 41444
7530 48196
56334 17000
55375 40969
39499 57089
10151 44160
7034 42941
23700 6623
59470 5434
38970 10587
54524 2851
51689 22067
4164 57088
41091 26812
22137 11829
28452 56169
22662 23284
20288 52455
16345 1588
40111 41615
26074 8779
21516 53452
10981 8694
14959 8394
26494 1712
59480 18463
891 18190
44705 16116
20861 49907
7927 8087
1890 53061
944 27601
47621 43899
24756 34371
2724 3677
20499 25227
36610 7954
23196 47070
54237 21871
47080 10842
1575 49482
5572 23775
28947 32136
44700 20831
32863 59927
16261 8251
38742 29179
42574 40359
30607 28608
40128 50132
49263 535
37852 53175
13349 58114
8669 59317
41608 47736
29776 23767
55316 49113
37564 17346
22815 7018
6980 51101
48753 4318
24110 24561
4604 46189
30187 10162
50613 56800
27012 34930
38432 7783
43848 53662
3275 48330
14068 5106
57302 5946
8021 2142
47443 53136
22972 10732
2257 29059
22764 19973
45106 23478
37014 13896
34527 30203
39408 23533
17055 32842
14772 35249
10715 48629
41032 11999
36627 54449
32010 11149
59666 1383
26587 5587
28010 41606
14509 11936
38766 45279
28717 38225
48703 15108
5492 26848
10843 37508
28615 20843
27947 25644
28204 5041
54134 42792
20024 41631
38514 2889
30675 382
55376 4045
28992 23625
2903 46715
59517 44842
42019 45994
29336 4020
40371 17092
44868 51399
53709 48612
1295 19780
42594 4290
50125 3778
35456 20102
18891 40229
29048 19838
58929 45324
49213 11119
18454 30326
56911 11351
47325 9463
12821 42668
29165 49351
42150 21252
3974 10890
16549 44030
7677 31055
31479 23456
1535 15560
26968 31854
20800 19870
31357 14984
35831 58011
6352 6448
19262 35526
29970 33333
26179 56000
53568 11009
27063 29166
17326 48410
55873 27147
57272 1877
47860 48178
21168 9982
16084 38517
31924 31705
55840 22579
9826 36379
40388 46223
51393 59801
14193 46136
15225 58707
31304 44312
6269 25503
40880 44471
16101 59159
3430 45182
43082 23051
17226 10595
27384 5
33421 12323
809 44903
42756 18032
60276 32843
33077 9121
30503 32963
16446 57290
36504 6117
33853 59671
12590 36263
26510 53234
36154 25472
26457 59465
56318 10211
7682 18802
51358 30004
41669 12766
5673 14175
58604 42812
28991 59743
915 46791
47657 52133
58551 30677
24200 27703
22213 12439
19739 29487
57479 29886
3612 22065
9323 6816
55527 25431
26000 36646
37722 7493
56054 15296
16226 45634
15458 48726
47781 1878
52731 7230
40291 42084
30285 25611
4555 56069
55349 15718
22064 10034
21851 18090
6164 33136
17066 41002
42543 3296
25796 10135
37230 46522
2254 39484
28157 46170
44384 26424
46053 1959
22617 23649
57168 48845
7551 52114
6886 18122
49858 36779
6874 29071
45410 56547
45167 50362
50549 2654
17229 33539
21814 50178
28789 34790
33940 2678
332 58915
5641 16943
15680 24909
13681 30165
16485 38545
35689 47473
56550 51570
23935 13521
11814 27968
31215 46340
29296 13930
15378 37489
14045 39767
25129 59631
51210 35517
15837 43152
8702 34153
51784 43494
14740 9275
29217 26265
21499 38201
10234 962
54803 29599
13105 22251
1971 30169
20275 41363
48114 736
26721 27051
30993 13835
39983 32852
20693 28341
37322 56300
5143 15536
28069 24107
4988 7327
7116 38393
47307 45086
47027 21175
26619 31988
36194 11411
32142 20057
43512 28090
16279 3563
41904 6502
59335 20133
15562 41804
21669 29020
11900 23733
53358 4662
5784 20958
22231 3084
16105 40333
55693 14649
48072 470
3337 37989
10384 58628
39644 3358
57797 15216
14869 18720
43037 26613
41714 28150
26847 18154
29696 34477
28130 40317
60221 23289
44701 49063
6646 28585
6426 14260
18886 45005
40474 47130
1305 58678
2135 42548
42216 32313
18684 22839
31410 42740
37850 34837
33722 18624
12904 28889
47116 1655
57670 59373
51386 25201
51983 58458
48978 18569
33849 21766
42333 11653
8657 37853
29624 4129
44142 37647
16478 19854
46159 27234
19068 11285
9083 51891
29543 31039
55959 10878
40988 8336
46582 49523
48897 56692
40596 8099
28818 44524
52389 25878
13017 44920
49586 56087
18022 11672
39957 40040
13613 34866
21863 21266
33776 52546
30121 56070
32641 46799
23188 20536
45238 7810
17925 32767
39605 27215
19371 40399
32757 719
9746 2424
35944 39864
3596 17215
3900 38436
39289 15558
5672 30037
13579 13046
39339 26366
55650 29784
47956 1056
16880 16092
23903 4342
11443 1659
12780 58330
5103 29591
16568 16390
12811 3271
57859 46928
9717 15870
49555 38311
8423 48861
4217 19754
10000 11878
43406 34697
377 56584
46619 39202
18976 43374
15229 57022
22373 18354
40420 32905
23181 1166
6724 7430
52968 10186
55818 52775
13982 46283
19738 796
34565 37435
49317 46124
48662 13272
28004 33187
38404 9968
5536 1346
14186 1733
21674 28690
678 44887
14795 21701
17830 14694
5915 52692
24803 32287
30428 40624
16494 45018
14422 30500
48604 17753
35873 22312
27141 50095
4154 11713
56583 48880
29469 43113
48770 50358
17664 21803
38623 44739
35190 9276
51350 6711
13049 39590
59461 52185
10439 24255
29794 1939
26071 35841
33196 25798
35443 13492
4133 42384
34356 15149
7809 33404
57129 27559
33351 31017
10929 45768
18764 49660
39285 11474
33215 39871
31232 22539
46418 27075
15404 40899
28484 38684
41765 36822
54101 48981
22713 10228
53515 45123
20078 33929
9134 26554
29604 6284
51701 43824
45152 41156
36542 16893
51703 24964
43833 13027
19259 28518
53301 45370
45824 25683
19032 20431
34363 5252
12920 35830
32440 26617
37671 31685
8172 51109
52712 28300
10364 2329
5112 11433
60150 13448
45414 39695
42115 56804
18163 6321
54866 26496
17026 10229
52944 56531
14834 26517
39283 47057
27578 23796
37840 37029
29181 53722
35534 60161
10032 20303
38155 36011
27462 28227
16457 32250
11249 58299
38276 53165
7470 10544
59147 9940
37556 59310
25934 35793
14811 56217
32033 59353
57518 7025
38210 9880
11317 56717
22892 40811
29473 55900
46750 40190
1475 22854
15835 52041
29009 59109
55995 38999
57060 22745
27752 25979
13717 13988
37188 18113
325 37318
18338 57468
11265 49384
33710 31775
31009 54366
43497 30966
9037 21086
11181 48228
18081 35736
18433 2091
18405 7344
43364 40700
44025 53750
34712 14339
20474 38616
10664 32978
307 57504
17366 20801
51789 25384
14536 20645
44940 9351
54597 59653
24536 45366
51108 21695
4705 29215
42846 6211
47084 45560
55885 24682
46131 24727
48805 3474
22457 24293
44877 57496
6695 35467
10060 18649
18005 29875
31236 38446
1692 3288
12524 4586
27339 40498
42838 54299
41292 57574
31556 27368
49955 29085
22449 17476
35679 31417
30581 12166
53754 14296
51168 42653
34404 11094
56845 33234
8920 33460
19591 43279
49209 56515
7050 23595
10476 5281
11812 2542
11092 18768
28906 42136
55755 32258
27510 12368
8397 37534
38305 29634
