229 97852
62239 70072
9331 28340
86468 68731
38648 23864
86621 64503
68403 23978
96088 96368
89973 20235
42039 19387
61034 80940
93624 77544
74278 171
67028 946
7205 73791
52576 53812
60417 41235
26754 56357
25470 14657
40423 3535
47398 5848
46623 31900
23223 6726
20239 50066
56118 24746
24333 3445
86338 28781
38607 29605
87332 45417
29862 81574
66889 75955
35842 9291
68136 67933
89281 39441
79537 79125
39097 13426
65932 61591
17875 54958
21790 42141
76384 6652
72582 6649
36246 32632
85580 90395
13331 89734
9384 41924
16306 14144
75803 22535
4011 16790
16284 94377
80479 52033
22663 91019
77549 9971
49648 78665
27917 61576
86893 91110
2943 56856
93486 87995
22011 73892
11384 30338
28408 97645
60555 25168
6670 66444
16975 73312
89474 63025
65826 76212
36996 32916
85971 70842
92831 72072
82316 28994
59164 94860
27538 76730
62592 331
70446 77693
86527 30993
30537 13507
58294 80419
61664 14866
77475 12551
72679 92688
59802 30434
72923 59069
2609 81266
44075 82866
34539 1333
18310 1885
37409 94622
85062 61088
2089 64770
46167 52969
47998 7194
55979 79731
6333 91746
79056 90837
24578 68554
96796 74245
31463 21758
63710 35102
4728 13422
82366 41985
50332 64238
6995 31767
47659 87134
10945 46642
31448 55756
51464 82979
67349 44171
90676 92535
23113 1935
19290 30477
23106 39457
68101 65453
61421 88562
94351 37048
87561 72400
16482 3381
58790 50896
90298 88635
48412 25838
73639 83023
55242 7174
68090 41464
17547 27048
2682 80488
50852 11659
33868 85231
53680 55811
94956 60210
39114 66604
59139 91969
63428 97378
44778 86888
88240 39996
8543 85146
93850 58974
29822 66113
12958 63111
79771 82960
93494 72789
42640 85609
95483 38633
52493 79688
81978 46246
96729 74329
14612 24835
51053 50803
7613 18734
81321 51968
52079 54315
12555 43632
60401 65817
1328 75728
22178 18755
8304 33852
95185 19766
92085 50436
24560 72055
67589 61243
81808 22315
76000 93713
64276 1639
86545 32244
47195 21077
52667 19576
48708 53591
78745 49203
12775 41702
86455 43984
95266 36276
43611 3488
73710 84495
68714 22598
33977 70797
59860 73248
82842 58983
69591 63057
49279 82974
71363 57851
58438 58045
6183 62225
25706 62846
78428 30235
40562 40402
77990 43356
31172 13220
45660 44759
75797 4892
38650 70364
94747 44422
85764 80500
11932 83297
43546 58435
9750 22900
6970 18489
34305 31488
50468 21066
38370 58410
37608 23110
43886 45249
51723 25236
3293 71146
11666 61624
20190 10044
7234 63477
92713 86900
21809 50537
75720 23507
14690 23633
93537 58822
80297 83437
3571 42578
22373 72656
83630 1590
51332 55204
90806 81800
75082 52590
42006 673
81378 32314
31160 38842
61078 43862
80435 45906
28736 72133
81722 43264
70195 90918
58988 47785
33511 63680
14035 84344
60454 5984
35797 61129
11385 23167
4612 20105
