381 61598
33162 10384
17935 6130
33610 12191
2825 42216
18333 36779
17052 23182
54167 24152
24791 20591
22170 19745
17142 18354
42426 59967
3583 2042
37129 2958
19145 36410
52869 50432
24590 36057
21287 30757
58148 31722
33580 34092
1962 14235
16840 32988
37814 49092
32138 45674
54350 60992
12270 37622
7719 7003
21338 27613
16854 20060
18749 25663
28096 22929
5109 4480
53011 32861
10471 18871
24086 55328
28194 46992
38323 6477
8511 38699
31704 25256
30892 45813
26241 2361
26891 13233
30055 40833
57770 20022
6203 42769
37275 28717
60406 48884
11516 11957
46299 18124
48041 19373
60938 47944
18666 48305
4757 32092
45852 8567
23669 31324
10494 3446
4955 27065
36940 41277
59523 19100
24978 42120
29607 53131
5096 8664
52275 10886
61013 29940
60541 31034
58844 32294
38536 57587
51732 13344
31915 35635
21155 26611
15968 35885
25443 12189
57856 48614
27915 50256
30827 22273
31673 20394
49078 56626
12623 54846
46121 921
19057 38717
36038 15093
44729 24064
51451 58454
19741 27997
12044 18511
57525 17849
14046 56313
48539 19809
40735 21100
31878 29637
1669 19527
40065 42570
55537 55765
51919 1852
11723 37836
4487 17628
154 48368
33147 58093
59896 4742
2645 7512
49080 41650
12924 13158
10566 28789
46093 20596
22636 23172
8031 43966
46597 48479
41203 11104
61252 57243
17970 33593
50597 56617
38338 35351
16719 4972
15473 49502
38091 4250
16969 15835
28663 17414
26387 55891
44231 1792
27039 2614
7953 26679
36506 32093
45590 27180
33757 9973
7662 55864
28522 59628
2944 11642
44186 33889
50847 17346
8022 55090
17882 21435
15185 11041
8011 13140
28548 27748
42866 4333
3780 46332
5094 19330
47579 28092
24134 44580
10447 2300
32279 25201
9061 46005
8383 56015
37429 18891
13167 42606
40379 34589
2992 54020
52373 25824
24976 50442
52014 15327
56849 59139
26640 49980
15298 14246
28730 31448
40131 60760
56517 38431
51439 14013
59846 20231
50791 42640
35173 48136
41351 39684
38769 12246
37528 11185
14870 49425
40120 46831
22542 2344
3112 5245
55436 51485
13876 56710
985 8628
60566 21256
36646 18826
4674 6432
20548 29370
13063 8578
15270 52024
13917 4703
35852 14765
53957 879
28217 2291
27634 13273
19012 32848
45624 45513
28906 59403
28922 55795
52241 48769
21141 541
46247 59357
37252 58855
14746 59559
13926 55600
58109 51783
60030 17353
2728 42241
23427 35561
13335 26561
19476 12375
18630 40090
39408 24865
51399 382
16133 33749
38422 32773
20573 22525
13049 297
37458 43852
10515 11945
42667 36304
31994 32911
16968 20351
13739 55347
55705 37053
13070 36203
57298 57917
31691 10077
12025 55558
45067 17858
57038 11052
2129 27752
57426 20230
41236 22791
38281 42862
45502 37577
27834 36736
48219 48566
8689 34592
28573 39631
23878 46286
24218 46026
45089 22369
54463 16317
34581 38526
30850 49234
60158 51253
25608 5213
52496 56530
34422 59378
20329 58746
15246 5192
3806 19395
49019 57084
10362 28981
10686 17369
37718 18859
60134 49887
22900 37874
19576 53159
20694 11220
45317 1117
42586 10113
40287 52958
41482 31870
24229 56063
40295 53562
44297 21030
17316 52387
57793 43915
23661 49103
10733 53719
42646 45442
25701 45065
49886 48875
34338 39433
15357 41575
46017 48178
38946 19171
38203 972
40759 53797
22550 42229
6962 32401
50973 21037
49617 44602
11559 49631
19034 29494
6668 10356
7280 46786
49276 56415
37342 54379
2128 36157
20678 27297
3235 23987
7047 23227
15724 26211
43684 17170
41379 354
40436 20211
18831 24572
12425 28059
29309 36417
46196 45750
58904 4503
18730 22420
16927 4398
23396 26378
26901 35767
10183 17237
39468 38057
26185 47262
25251 41218
14232 60647
6799 39639
47442 10446
39365 29433
60127 7317
29273 45010
41477 38994
38299 48268
30024 24144
25441 51201
18180 46393
30292 52194
24176 32069
47133 44854
53316 46301
7560 55797
9312 17510
61314 13726
25732 48934
47822 36708
56909 39133
3756 1285
30165 56825
16121 44292
34358 27921
37145 58571
15874 35660
23302 12163
3914 51492
40912 61315
56634 22436
39008 11862
18408 41525
43221 20405
38921 6924
23289 5388
41654 18639
27625 12008
40555 6332
24362 53414
52063 22030
21224 3061
36146 55541
52712 56093
51058 37091
4961 56048
26555 31021
61364 36958
1593 5409
58004 57628
4201 51110
1824 8215
20099 16106
27319 30713
2444 21690
53061 42122
22083 30461
47226 57552
51602 32576
26246 54177
37594 26616
24662 19269
54236 25300
25941 37588
9649 11689
19178 43834
2767 56729
6000 44477
18597 23958
38645 38589
55227 49554
49306 3139
12841 36455
40902 36456
49156 22492
11676 61527
45739 33750
40401 17119
52393 25236
18987 33061
18887 58736
24347 19169
28283 49892
48014 37984
