871 67404
45472 7812
18440 28534
54745 49954
44316 58750
41290 13285
47999 52320
24741 44416
21499 5739
17451 5063
35292 22005
39377 54278
67113 19681
43511 34780
60606 30691
13266 47213
30032 57855
26260 12694
25845 41917
8212 8352
3877 59700
31898 25211
12105 19034
37025 21483
58959 8566
12895 40757
61093 37220
23182 17166
814 66231
57451 31121
38631 55547
65428 43297
25293 20031
42601 44469
6314 37318
53858 48840
47899 18104
52783 17060
14062 64107
57902 24921
3726 20464
36578 4356
54491 8517
58360 12964
10995 54198
33943 52711
147 19344
17343 4835
39817 62146
26809 13535
45830 35363
45931 59772
42793 44442
15722 8264
59403 2499
16788 64452
24672 34830
13707 30946
24618 44586
45302 33093
34567 21137
23085 44166
3193 26236
2625 1699
27010 2527
67179 66988
48951 28825
32707 6075
58123 6887
18995 29401
11785 44535
16522 52862
38349 21073
58974 2433
40108 2180
30672 13691
18957 53138
4688 43559
39098 57605
12506 32509
14065 9998
21209 15905
35200 8040
4574 39512
25469 23793
58230 59698
15429 33442
24512 44748
11573 64194
29535 23750
42485 60830
28043 6575
48211 12627
37711 53458
26516 230
41876 3690
3922 8545
15460 26885
20099 53100
48935 24916
13945 15
18653 63065
32169 47602
23497 38442
36520 36805
54809 17755
31722 44002
10056 25722
38297 52887
37887 54541
55633 31534
21034 5208
39529 65453
29964 24929
65583 54520
10868 22777
41965 12225
12203 46407
47032 53183
47014 47200
34831 66920
54735 41271
53776 62791
49141 34668
35014 43828
44298 1748
54070 1841
35644 27945
37401 13337
30630 35797
47270 3998
49823 19399
53383 12411
26014 4588
40418 6686
1435 3755
34130 62887
47431 50232
32112 31308
5581 50169
24411 50668
15078 8411
54666 33803
31220 2583
28565 55533
26747 49241
23116 3280
22855 21889
61786 36858
24150 47820
56032 44593
53606 61291
54707 16356
59479 14573
30970 13339
31824 43619
5352 15599
32857 63235
9675 3508
12190 36872
62407 43139
25512 15840
5237 10969
62919 58928
20657 18408
14602 2113
44063 27317
8591 58728
15548 64237
24490 57116
6998 6655
21275 2809
57833 60714
42012 25594
28615 51128
21785 12957
8917 59307
49992 58763
18171 45842
3577 16276
15656 13593
29229 34225
56850 24245
14290 60127
11332 5059
26792 5897
30355 52920
15187 44827
12815 27845
40424 14044
62336 46915
33846 10701
23694 60658
10793 46656
44124 55410
27587 42740
54602 27412
32463 38971
43446 56891
874 23084
2162 56121
49966 13653
19849 48068
60148 6765
3974 44495
64854 41468
12059 64804
40238 20382
59042 66212
12691 57402
28312 618
40431 40450
14107 41687
43264 19845
49651 5978
7614 43278
60903 55875
35735 67097
13703 23733
61104 65738
33358 46526
8689 13298
5002 4499
50069 26764
8059 21326
7775 53217
53848 13305
2603 47936
37057 5087
39361 10917
9863 13372
64574 15798
10338 6216
9641 8452
59547 47541
31486 52386
38914 47424
18078 20327
30557 26639
28892 55221
23700 52355
44034 15443
57935 66476
1100 38068
2892 19370
6865 62324
65897 480
42227 17570
14511 9439
53796 25635
42223 25090
36828 3121
11505 15655
47772 17824
40910 5548
13106 42137
30337 39533
64607 1752
49029 36482
46602 42539
65421 31175
29547 46416
63850 60381
52055 39445
13513 47743
64296 41787
23231 36825
54967 33935
62447 9726
14111 20288
53847 21271
39396 61073
42590 19694
51825 1447
7294 22617
48761 48755
65254 57565
20808 54644
58480 53063
56137 15601
35255 40047
50186 66464
20707 28996
13836 58891
18704 26689
43752 50367
4806 46672
60268 38759
219 2482
60407 25682
8516 55670
23347 45040
58858 5795
5168 24279
65933 63943
52664 63458
52530 16860
25106 28013
5555 48439
14543 22241
35288 54256
38925 29536
23961 31617
29231 1279
17448 20923
62212 63499
8138 64635
30681 92
41538 11879
58026 57974
1316 65698
18382 61528
10663 1878
8932 45811
66368 27577
10374 4080
66748 52538
37083 60335
17529 25316
31245 4959
3870 16257
26496 53851
65689 29247
3407 33810
57765 13054
24138 44917
62502 57079
55015 5273
21673 41589
50317 14925
20555 27206
6499 7953
39863 16881
58072 2622
52507 6380
7457 38492
45892 28987
43114 47817
50658 33131
51251 65403
16144 41877
26361 65722
37184 1999
32031 101
41786 47422
23283 59382
11952 28356
26127 41747
35358 58204
36624 7855
14279 7148
53330 26092
44057 7584
8161 32637
30750 38774
43774 43905
48279 17373
29838 53941
56767 40016
9693 66239
22093 65076
62420 26527
32167 64541
37627 51407
53631 45035
8928 22030
1559 8350
13980 24727
31417 46486
6190 46591
67378 6559
25684 14930
30819 15163
54190 22583
36924 17209
23265 3772
22110 46847
1428 1312
9949 54515
10085 65566
788 4820
49778 29390
65391 48396
3215 41478
26099 38313
43538 16828
31829 62844
15927 45661
24523 14100
63437 52593
11506 45975
16982 47556
30802 51926
63020 53464
13745 27225
35449 65132
15600 49617
31795 40294
33534 32529
25369 38340
17807 53157
48357 47103
43391 64928
15098 10340
53675 7157
31980 54282
64057 1735
53775 15938
5709 34455
41598 40160
54468 60191
4664 47804
10315 33067
9094 6743
44657 35793
63185 40870
57362 11972
32340 47081
45681 61903
26507 56024
64837 28114
33917 64301
45093 26996
62770 26926
3826 13678
36731 5934
51342 48125
17329 9790
53097 35740
19811 1858
23381 3897
22657 61515
40824 54206
44113 41873
1367 5753
60758 25949
20325 14440
66927 66872
59567 53940
55165 57611
48435 22389
55558 9335
57962 3047
28287 1004
25829 4161
46832 62870
14425 61072
56722 52475
39388 58880
40713 29590
20841 66922
59735 26780
11722 45420
15992 38181
15170 24494
40470 12575
45278 50345
226 47668
24611 21871
47189 64086
37389 60477
30255 18657
25607 47007
29355 20715
16126 65212
4942 54907
27520 29497
53287 65768
32241 28521
40493 27069
21127 10367
44458 15415
10815 281
47341 10148
26924 10076
35775 57786
5919 51700
12235 51982
2566 18103
14725 52827
4721 35036
51291 47331
8280 26409
32243 63509
29661 47506
49959 66548
59750 56497
8708 60843
29866 32136
31642 50352
20593 62342
44876 40650
37142 503
2998 66895
31897 58499
26923 51260
53824 18063
15256 33761
53495 23622
23866 58901
44270 35749
56805 8863
32617 10873
18695 36002
62980 49602
28638 39541
538 13440
2838 45157
58367 44356
18398 28636
29702 60962
32696 10579
65293 4998
1642 30407
42762 20649
47507 6179
11217 9763
40796 50991
44350 31676
53815 29991
141 7555
4510 27843
59021 50126
53145 10814
28259 12896
46372 45745
53083 61231
17275 47850
63948 28895
9433 61600
17299 2056
16060 48210
4869 8230
54546 1864
63144 23628
44212 6848
9425 9143
4727 27871
30124 22873
62156 60300
62725 24458
24041 61972
4848 4562
65816 3630
59729 47279
33729 16500
63059 28654
35636 32249
64318 66423
42600 19249
50930 1140
29089 42544
8113 23499
62986 62019
58114 36207
37869 9017
5053 56630
51891 48771
27050 30813
56061 48298
19576 59846
45068 6094
2534 55732
3459 62724
56963 66684
32430 44575
32833 18612
19640 42517
56383 51764
65948 21434
46183 16642
52343 51510
55468 4945
7055 64798
140 52431
6844 29479
35588 57769
23173 12794
16034 10866
52409 35479
40247 56474
19989 46709
28080 65332
61356 20449
54509 64410
32451 17273
44444 1962
51337 31332
42909 10605
28362 24172
49320 26877
37975 55750
34704 16373
11828 29387
19588 11950
53164 55990
46059 44966
16362 33482
21874 56814
12799 45742
10388 33381
22176 52408
60511 52159
33752 4160
26811 8112
48981 15354
66507 46968
33495 48858
67312 31733
34461 31895
5365 16467
53501 37562
34696 467
21797 5585
4755 44071
32835 2341
1128 3688
11735 20893
38740 55972
65061 45056
63622 52140
56659 1260
49041 13412
29779 32512
30564 39590
13192 2154
6964 27979
28111 44852
23095 49880
33565 64923
2833 45407
31204 21232
19154 40305
49308 45547
34077 7969
60833 66769
23105 36225
7267 10289
33223 31750
42123 62272
18501 3390
41506 29211
29243 1771
7679 59580
5781 51137
39795 62073
35804 14419
44410 431
17439 16835
2776 17222
53150 60580
28853 297
34710 30930
12744 29208
42347 19865
17720 56752
58996 37156
66061 36517
26670 61322
10488 10966
28191 32007
65770 43372
12170 4867
41803 53921
20497 48190
6155 14118
61534 21304
33622 63602
26915 28824
40070 61280
48354 29500
38029 42838
2984 10824
58684 52426
52038 35537
55240 42876
5494 63183
63585 53320
11726 15292
12252 25710
6371 25977
57316 43739
12118 48657
21895 60642
21216 41619
30009 20373
58721 29958
10625 57832
55229 37949
10049 35745
63270 33230
12435 61668
11754 42478
13590 47793
53326 4632
18376 3450
41750 3543
5714 34278
65435 64176
16319 30170
4073 6527
31832 19770
39068 10135
43073 37044
41632 9711
59052 19604
7445 36302
16291 61675
43060 27465
43001 64825
3578 34238
12540 66042
63826 37701
67135 2255
10238 33669
19738 8975
27327 30903
38491 65601
47749 67157
6656 5278
41524 3673
55423 45896
46512 42852
41360 59006
57578 3342
11466 54343
43231 5648
12928 47282
48119 21951
42488 24937
27701 6880
60312 48603
15638 40151
12029 57055
162 40511
34195 29373
10075 64283
49923 57469
33880 61828
35271 34063
10588 48148
18487 9882
17746 20468
51911 29146
65847 67298
18958 55683
62078 38636
63581 35180
6306 193
47697 14527
48569 14338
36730 27553
50005 12109
63367 38650
23734 56386
15248 14019
49343 21257
59936 59225
65976 60666
11852 11860
43932 14566
37930 31654
28284 3766
61482 41872
46642 29205
37620 42438
13359 28700
34596 8123
2579 17452
50768 12049
8443 27560
21916 65085
66000 21089
9100 8782
21744 62633
30985 50443
39934 7600
43898 3732
31671 13149
27029 16196
16026 28579
16803 24381
46821 253
17414 48175
31319 25331
22997 58893
2616 56935
14454 14760
47153 32240
22992 41322
55166 18304
52496 22298
17630 56387
3177 58027
30162 11913
67222 33657
30899 27172
5318 58455
50442 22043
10771 43494
44512 17631
53762 57219
11529 2977
55660 54582
63714 23810
26085 65407
13682 10805
21327 57782
6347 32814
29461 27848
871 61388
58192 66216
365 36265
14898 29974
36020 34076
9497 45446
2060 4256
45558 64110
50584 38042
11881 21302
40976 67150
4107 49785
25863 54437
27026 25238
24493 64177
11935 36957
24007 40221
20320 34809
15862 27261
34749 37693
20321 22926
57377 56077
66124 49148
56851 41417
23650 23984
49146 52508
8539 9895
66286 52014
6300 47227
66886 15380
48623 43781
22750 43207
67336 46257
4731 24169
57896 66781
48673 46789
29320 45253
60478 59367
3361 29524
13310 29803
15252 25875
21358 56392
13348 55464
29552 14590
45166 478
38437 18689
53825 54148
14229 52746
29870 24354
185 60849
36552 10304
24396 54912
17618 37139
15177 25562
49791 59809
65632 41860
56426 17218
26640 22280
17485 22683
48032 29690
35886 18681
5386 36689
