455 78960
20461 62335
10880 53250
33300 8075
32368 32990
32008 44458
3763 43985
3506 60012
6442 17063
75439 1124
74207 8067
37706 38613
43461 32423
21487 4875
1540 14471
128 28082
59961 46086
77767 34895
7801 76117
71009 62238
47100 63905
1381 28818
46542 7453
4620 46617
77830 50391
22139 73992
53847 15448
63964 4716
60791 58324
51057 64934
7116 30572
24733 64226
33194 38240
44264 45131
70406 74613
5310 26219
64859 37631
61843 66166
36932 34615
29920 60272
32310 11362
6441 46653
64476 43297
72881 19577
30204 73306
36883 64149
2365 7141
38103 40153
47284 67449
22729 28902
3687 71145
74750 7280
21550 26224
22503 77320
68560 37954
968 23149
60896 73196
12687 50491
20856 26176
27678 69587
59339 41519
23445 64839
73325 66929
21232 18900
60394 72947
61345 21213
13847 35770
27684 55133
31749 68830
24662 25675
12981 61202
45205 26634
49596 55795
70324 64527
27139 74499
28106 70183
68084 55152
57291 122
54369 28160
16583 74381
60096 15808
3444 38930
60531 50057
73553 21764
38000 49377
22969 26864
8449 43203
53521 40144
40688 14844
7247 1170
22087 71934
47358 43474
47445 10916
30003 2102
17693 39691
25427 63196
2351 56968
11656 19098
53698 44209
60359 4835
17673 71472
613 38524
408 48261
12603 107
25508 6254
8052 1221
59684 7543
35726 16783
53829 63417
26311 63273
54466 42227
17338 14761
51889 78025
70711 40686
28597 11684
4893 67697
45537 880
16111 73521
28400 67805
68134 28108
2679 18711
75834 42733
26993 42688
34947 60065
74931 57880
78433 24470
40285 11994
9765 1614
45408 419
76571 28568
33538 36527
75563 9951
37907 67582
63882 74256
12177 13953
38368 31795
28511 5020
65138 59173
26108 19050
7192 73082
71292 2675
828 65361
39780 27154
69206 55774
63432 3626
75618 37792
69306 66780
64558 77557
12449 22796
10902 7989
19441 18354
15771 51185
35459 78561
36077 10367
58030 32744
38204 34425
78946 16531
17139 1935
65298 64148
54284 68040
64459 69779
61109 62287
12518 74410
8514 34797
23432 54710
35126 51314
4258 21671
52987 75258
49883 64847
23045 38342
38193 63504
23030 16394
28722 18339
45780 19634
66111 50272
73197 34628
51 70316
28103 6819
61072 12819
61088 63362
37673 7594
60260 39900
39272 19510
9167 2172
11106 38900
37111 2056
33740 9478
48746 44098
72393 22079
11989 16861
38493 60986
55680 28901
12506 75974
30635 57268
29992 44989
39879 16261
68258 68732
71124 15086
73142 59447
53875 64675
7350 70270
19351 42219
64848 34629
59589 25196
58229 17662
51747 35612
75400 55347
23229 942
78087 45575
52062 9555
45068 59938
53181 18717
29351 3297
39281 72052
26540 13530
66063 57367
54402 5562
11023 71064
74146 72997
64639 13189
58821 66773
68673 56308
11588 53092
7874 26221
63347 9188
65380 14536
20142 70923
63101 72146
66463 24807
20744 76435
41200 28303
56791 33161
75155 12657
64994 61994
11117 40661
17222 59206
53797 74420
170 37510
8826 5070
56984 31996
46908 47538
29392 34426
43973 24751
42396 30963
45774 16700
69771 50450
9644 24639
42331 63641
26038 42478
14124 60508
71504 53347
61063 29436
15064 28072
26433 10753
8546 69642
14538 48849
60164 72689
62054 25663
36072 45654
46360 17342
39666 15557
54723 58541
32608 15218
940 30086
31194 2445
13229 20638
11334 65961
64242 73289
22837 16017
9734 39654
40442 58613
52087 41399
27564 4896
18480 6926
64771 32557
10232 1843
40160 3142
74485 70691
59276 14340
26814 37407
28714 45515
48862 46477
71329 12517
78690 25394
47142 58760
63281 74068
23778 70843
10448 16440
4185 28839
68102 76405
71827 24680
43519 34242
64981 57454
52826 59999
71300 61469
70167 9676
66693 61177
31005 28179
73613 17174
68783 63220
78439 3993
45209 22294
40287 55034
58171 68229
60898 31096
1146 56524
62340 6938
10347 543
11975 19938
7518 30799
40070 63276
40755 29416
28777 45705
32659 43459
29100 71444
71594 40397
5663 16141
49611 23375
62726 32168
55613 38440
46399 67822
44200 29658
34600 47857
57473 9133
42200 53595
74157 51984
62215 66391
62929 54053
30004 4702
48054 11619
70505 41482
38933 41527
29636 55784
23386 10761
34382 31828
9146 13136
19525 62019
39444 17888
28025 48981
3261 15161
42129 10394
58180 54333
50420 49872
40847 14156
66776 70793
28167 29029
18499 68941
12627 65602
76612 50
30244 59521
70621 892
28333 1093
75556 21912
5265 18383
8045 47801
7671 36193
38458 58732
56424 68459
49572 60266
16723 18431
46573 5964
62116 74002
17638 2577
20173 27142
24950 25236
37000 5769
57728 54441
23095 6656
47905 32514
40821 69701
51653 51366
65070 60894
4162 4232
75356 48704
11776 4763
24694 55134
22563 40727
31287 24204
38338 43240
65630 58574
23096 50438
16730 59584
46347 23312
12595 62620
20347 35760
21531 17858
21881 63386
41899 58121
28514 3447
78459 60783
38828 43182
78564 15220
12162 78371
2197 60271
32535 33990
715 65206
277 20281
45496 55919
37317 22805
11743 11896
58026 25892
61816 50848
66777 8604
1316 71056
20850 1979
55054 61844
20126 31698
43608 74521
65854 54886
51041 13354
60638 28328
11292 9796
37442 58175
40689 25150
7640 46522
61880 56974
77814 22368
29768 13308
29368 70089
25946 63265
54827 44393
3353 35774
42023 47594
53294 28075
55496 17088
21815 12023
45634 47580
69631 10183
11364 73802
64723 62481
9547 46972
76054 71079
60785 24706
62774 46378
1999 33826
13519 11784
28858 3726
60524 44359
67886 63306
24181 20569
73994 63136
63848 44463
10857 12155
32646 27510
33967 57077
59671 54937
7949 2170
70422 2685
13831 34027
56061 43273
56150 54493
49653 66867
29403 6197
15636 31648
30111 13406
33849 23688
