181 12938
4680 12502
6192 4821
12605 8436
7526 12555
3729 12796
4349 8710
8973 6655
1843 7434
2406 8182
3217 12758
4816 2584
12026 8165
10642 5329
8718 1049
4113 2076
5985 9492
3979 11841
12447 3383
7639 2934
1781 1058
6056 2784
2658 1723
2650 11032
5764 8301
6062 9907
1152 683
1928 7115
1582 208
8051 3816
2671 7289
1667 11558
5221 1706
762 7606
10899 11042
10373 8322
10736 8298
7 11348
8551 6426
912 7406
2355 8701
10778 8869
2363 3233
4672 2540
12414 3336
1872 944
11995 11568
6277 5003
2617 7034
8167 10158
8574 4491
11115 8412
2433 12801
3474 12350
5031 9276
11839 10411
3057 5894
6761 6449
7475 6321
11036 34
2837 5964
10056 9589
426 9307
5532 11155
8128 3027
2373 4446
4056 10530
6715 4324
5212 3156
3011 9909
6353 2748
6894 9933
853 5936
2750 10702
11948 4263
2231 3538
12373 8844
7048 12324
2073 1508
11183 1761
7600 9811
9503 5578
7719 6046
5692 4767
10573 12491
5032 95
4363 3708
3424 5632
7099 611
5823 2932
9129 4750
6750 2988
4401 11282
369 12856
7013 6195
12884 5296
8550 5593
2842 5382
4985 4779
4386 8245
3833 9994
6992 4751
4964 7317
7824 10478
7967 8565
9350 2084
322 12150
4177 3790
1272 10416
3970 12151
9558 8196
8942 9611
7934 1234
10042 8002
4518 11421
8655 9482
2212 6186
502 1457
9310 9670
7745 6518
9246 11281
2161 6733
6526 7320
1551 9049
9739 1517
5165 11033
90 5735
5705 5227
39 9378
5930 9804
4424 12739
5485 4298
250 7240
433 1257
6343 11880
2189 7892
5567 3678
12905 3029
3002 10196
9581 5628
11964 3216
6454 10156
3860 12586
3654 8266
12695 11548
11655 903
1767 2904
4505 2962
359 3109
10961 12094
8628 10541
8510 1588
2495 6765
1207 1535
6242 3169
8622 5195
11649 5054
2310 663
10076 4594
9630 3406
4524 6408
3380 10916
10507 1401
10798 11913
5029 10410
4206 4430
1580 493
10589 7616
12820 3100
11671 4453
11389 12725
9776 2247
3879 7984
4065 10365
11464 3994
4507 6494
8059 2007
5049 4289
3814 1486
3437 3199
2320 470
535 10098
