717 51309
45853 5670
10670 44408
13633 43221
40517 12653
15021 2467
26461 29129
34453 54
33417 3971
43303 46569
44914 14843
43281 4547
28635 28144
25024 30685
46567 49870
2390 303
26560 28251
34127 17723
42311 32525
39901 24194
15873 39653
615 19686
2684 26747
14189 42444
31326 44208
20706 11694
32537 47534
31672 21591
35527 26619
25469 27964
35178 25983
233 28184
5877 9960
788 36568
30858 19739
33142 23786
20720 18696
3605 28410
42602 26463
24376 40869
37906 35990
9249 28751
45470 38663
26071 23298
638 41177
3309 19446
30768 13162
15826 8818
4856 45125
1069 25427
35637 30924
35335 21461
25573 33474
24468 39985
37905 19079
28321 15590
26402 34235
2258 41566
11563 9910
21118 45914
38582 29588
48252 19618
19546 28918
2430 27246
25823 1419
35214 7549
45539 13995
49424 35341
36033 23647
42210 7811
41899 9106
19146 27589
1135 36951
50239 12560
3439 10922
19898 14968
6677 22306
18733 34865
43645 37460
927 26515
40792 714
33648 11453
10386 31934
935 6424
10467 35268
13450 29898
23229 14332
15033 30791
43710 12452
5092 42658
1738 36945
47529 41431
33353 21829
49205 14029
12156 28160
23842 35995
4284 11404
8461 41153
13777 35192
19815 38715
5049 21940
35544 15956
306 34606
34835 29320
42339 28499
18132 13459
38680 3377
18561 37720
22444 6351
738 13509
16986 35902
16768 11822
21189 45688
15367 43079
20415 16771
26632 3206
23312 16640
4882 44027
44367 47614
33214 21861
37123 9407
47457 9195
31959 5198
13916 49404
34297 3334
16177 29035
43619 12008
14389 50929
48054 19607
35627 22846
47766 27766
1406 11186
33992 29086
9226 34731
28737 46476
8891 25856
38341 4535
36982 448
618 17412
50073 35931
15053 39992
49662 272
38472 19977
4564 22052
5250 41355
28177 38595
9168 24978
6066 22724
24792 9767
20740 18601
25640 26714
4478 33703
41626 48732
6054 642
32204 17177
12739 51144
33543 31700
13100 17481
29380 22170
31424 23520
19863 2952
2127 20699
37879 42416
40999 20175
27015 23781
24796 37909
20319 44522
5883 37297
1520 15957
13705 45505
4807 2001
13158 2360
46054 16755
16004 4018
6687 49345
7498 5436
49019 25195
79 49786
48870 50969
16916 29679
1409 48879
17225 17583
46842 20194
18878 22510
28766 35764
7875 45381
27564 32960
47403 11284
10967 45908
26731 17149
48286 35239
6567 13899
23351 15557
27432 19439
7713 33364
16683 51308
40763 45939
21664 4316
4351 3940
45012 34838
34092 5099
1369 18089
12461 50316
42630 15409
18856 40252
34323 48174
38726 10152
6928 30845
11357 46678
9985 41746
29619 3979
333 49282
45866 15241
41614 27249
13323 49297
31120 36222
30946 36519
22937 28310
9953 44610
20929 40073
12263 38729
43899 31124
39421 16838
8079 22368
46142 43187
26481 17319
47522 12928
8251 43675
19345 28982
46863 6767
41522 28532
20548 25441
27882 3202
20057 39266
18119 11258
24003 31102
4551 23407
43094 19674
46600 14462
7263 39798
25658 10367
19019 10556
16294 49692
50336 22014
26185 48276
6439 12174
4586 27945
35163 115
1519 6987
25066 51009
44972 27410
48760 20138
41715 24499
24373 11438
863 41141
27201 25531
3637 16778
25675 16350
22183 40835
4450 30010
9303 26668
33189 154
23564 20902
13597 51151
6559 45606
11402 15488
16091 16664
35410 21962
25398 24571
34541 8184
14205 7552
50450 9864
30122 2289
43893 28294
21266 39823
23375 8167
10335 25905
17162 16969
49311 44032
11392 41775
39450 41377
13246 38461
38121 28984
44708 49524
25967 20856
43983 8307
38911 2097
8067 43254
8746 12651
18638 8177
29379 17849
3892 47997
1612 11817
42869 7935
28991 13016
4637 48597
42544 44176
7528 40032
33150 45775
14634 45670
32695 23249
6191 17090
6129 30677
718 37561
21590 1204
10702 34396
10860 25437
2431 50609
38831 23708
41510 15245
17945 42300
42585 17184
6046 11455
3564 22477
5238 31440
47903 37907
16358 26607
7248 50917
11086 50149
6911 8973
49280 42284
13648 6720
28695 469
8496 2158
4705 38458
27187 25479
343 36493
15454 30495
38905 43669
21341 37456
44379 4788
17641 9577
17204 15305
43632 21383
23294 20082
43491 50121
1506 50427
37167 32448
31206 45519
48282 51004
12579 595
40512 39834
50568 35598
15461 1182
34900 30535
23487 10270
31941 1314
4375 18263
18897 30588
36281 16459
9467 40926
9140 16057
16921 46579
42605 8159
8258 36855
15531 35921
8775 27955
34947 40954
46386 5163
26059 41858
32087 5344
41711 8869
45535 18589
27758 47793
16463 14459
37704 45805
44157 6320
22681 30682
24335 48774
49803 42424
50669 10941
654 9738
42171 3215
9949 29852
10547 11273
9338 27683
50403 17631
23350 24472
48469 7189
21076 20849
26094 28669
42489 25540
8072 4633
14748 47927
10490 36864
13679 36828
32808 49540
189 25043
15295 17941
45674 39594
44025 36752
30554 10898
8979 11052
49979 17313
42482 5025
15160 35987
1694 5903
21820 8321
47219 45263
48269 19413
45173 3025
12791 50082
5173 11480
32564 44675
33990 34051
49353 45321
18493 47048
9006 22109
12197 24915
35206 546
42485 49195
21772 20223
48744 33913
5836 22803
41327 38587
45363 28757
4534 16581
34632 8835
2444 410
11780 15597
25982 6540
2437 47197
2154 11418
6455 30506
44138 37576
10051 42079
29325 2318
2165 50984
36118 51108
32527 8536
29030 35400
9555 46632
2465 17051
45010 10371
4207 5808
33546 6024
43246 7774
8781 49055
45766 42042
36831 30473
49412 41939
43561 23591
47813 49112
13266 4758
35919 6630
14927 42442
44793 31836
18164 20419
15734 26263
32271 4521
41817 192
43550 37896
48202 25875
43483 31613
18707 17658
11518 9392
31150 32244
20344 9032
29972 3658
26781 3580
24523 35705
5427 46558
36198 18814
50208 26525
17742 13804
11749 14982
16364 27642
47426 23844
51059 25028
8370 51024
6122 11560
46584 39974
14336 17308
5516 8270
23562 7246
23649 7295
44913 7572
8020 35979
33320 24601
11329 28579
4038 46876
21040 15980
40420 27282
15959 10814
1490 50695
11623 12427
33985 39440
39223 16123
19455 14020
10855 41910
9772 39964
43391 8585
43689 8105
30579 39347
4127 13330
41990 3471
19465 43191
25346 8076
5492 29671
12567 32356
27515 11444
29071 36813
16191 37295
17252 23336
27336 12555
6441 29276
27630 36406
35719 42302
34616 16192
15158 3854
31736 42985
5442 16406
2191 41987
30224 11397
21380 10756
47731 14815
12540 7033
18570 2461
46509 15209
35064 14177
10988 4620
48479 46573
15380 42518
7310 5599
51042 1103
17 36747
13398 45526
45989 17015
25759 43843
7967 40408
331 41706
30491 2609
19278 2570
29835 37513
5884 38233
41084 25374
44151 28898
42256 26181
15480 13349
45015 11213
10318 37238
14696 42685
43151 39558
37667 48576
13087 37762
1191 31597
34042 45603
28599 696
11879 10385
41801 34664
6723 26940
910 47974
15286 39276
40280 19383
5537 51113
24384 4367
50582 30175
11259 8252
29143 45036
26303 29024
40880 34970
15525 15701
50313 10460
4283 38403
32092 50755
5690 39472
24914 42235
10449 10391
23052 38490
16676 20874
12069 14049
11946 12027
15870 12152
40253 36381
39661 32779
38 48270
5087 24167
17872 32930
26679 22201
10899 260
18686 2382
42054 8827
2383 35362
9388 41298
32919 13883
37072 21357
16525 49264
12748 25355
25031 1127
31264 3531
26374 18127
17111 13716
47120 42876
3695 44898
8666 23793
32445 41564
30804 4160
44727 19760
19818 19118
26845 43694
41954 11338
41906 12387
12453 17521
48478 40671
40758 24132
1569 51159
22267 10046
10430 23057
17267 12318
35519 46618
47127 46660
6851 10971
1753 48340
25181 27671
26432 34409
5412 325
9990 269
27821 11798
3000 33654
11155 12214
15831 18452
50214 8097
23641 42018
7568 46811
36553 31160
49895 521
11788 30729
15003 43529
42467 13838
32933 14985
19833 36995
44710 20810
25839 44819
29991 29845
36611 32404
41512 33722
10961 31397
21937 20597
40171 7518
30661 41973
34507 47470
25114 20923
45123 18950
37421 19745
4596 50527
16763 2828
3815 30991
10286 17228
12607 10837
45200 37128
40187 47951
4753 21294
20650 2621
13820 37542
22217 20491
35247 24858
19382 1609
35645 5376
22411 18333
49376 40320
18658 45503
16767 29719
26612 11613
49871 11874
19004 20801
21517 41330
26816 38851
39400 49450
5549 1995
32690 10594
8888 42118
22093 17607
25279 28496
38577 8659
25105 26468
13733 43580
24684 38718
16251 27196
43521 18345
38601 12395
47966 42141
42625 26048
44038 43314
33236 39914
37206 22078
17480 3539
39280 7562
13111 45422
11298 47549
46288 35080
18203 1049
2134 8634
32045 34267
34430 3966
8042 27175
26147 10760
25061 47268
46033 49053
26524 1631
16984 44016
8086 9546
39639 860
4055 3886
18259 18931
37080 23187
36853 48096
27804 40836
18823 44656
47214 45810
14781 15825
27123 43774
27070 39689
38221 2552
47662 29124
25702 4722
4699 8635
23818 6668
158 50103
