980 22624
18202 7578
7926 12084
2771 21546
17307 13284
5754 4190
22237 18948
19912 360
7384 18900
932 15476
21665 11831
13224 13624
10202 3410
9983 9628
13665 15026
12313 21878
13498 14452
16659 1423
18509 17292
11970 3011
20227 9613
11730 1920
3677 16382
12845 20470
8787 19302
22493 1649
2147 3827
10440 270
15591 20901
19607 11205
6324 19965
1440 9270
19324 12591
8834 11651
5705 6287
10872 3652
9774 6969
12764 2629
19240 11604
12792 8310
3444 4563
21853 2695
585 20749
10197 16310
3719 2904
963 22063
235 16660
1392 6544
20790 14412
5135 15914
5853 14843
19600 11198
8744 18874
13187 6442
21790 9512
1577 6010
22281 20162
6825 9969
21243 17086
21604 11647
5545 20574
18147 15259
11969 15397
21014 10715
9562 20007
11726 1492
3993 9180
15509 13448
6731 1524
16693 21209
4196 5926
1207 2158
18819 21813
16447 22048
7525 418
12643 17131
16586 19882
2299 14968
5103 18260
12127 16265
7260 1276
11557 5451
18628 14003
2823 6023
2399 14135
13729 9456
1357 15825
6540 15249
11331 10717
21179 5180
17761 20018
22399 20665
17768 18028
196 8522
11424 8521
15478 12041
12933 15164
17031 16716
5888 1111
11034 13745
20509 22075
22365 21948
1159 4203
16977 15251
9318 15998
7343 911
7377 13087
20084 16132
19042 10549
10841 7495
4409 3073
18262 12598
10262 13345
7956 9946
4069 2674
517 17672
2665 4430
2359 21555
3899 14695
17827 11204
8038 9661
14111 19026
21453 16532
19482 22005
5249 14828
20803 10951
10772 13156
18557 20283
12980 16865
14057 17405
11908 8506
9642 19630
10889 21619
1618 16495
10796 4448
21912 15899
9559 3435
13358 10821
13666 21329
4784 9345
15950 4507
6901 16592
20443 3049
204 825
13141 19753
6244 10871
12214 14687
7617 17520
11321 10309
21415 17848
13504 11872
22308 11442
13204 4437
9161 14767
13372 7815
16930 7382
5390 3107
3349 14231
12321 5417
1065 3961
1307 2468
2287 1132
848 957
1734 22609
16117 15667
8426 14077
6073 2648
18364 19242
11823 14950
3621 9121
6748 10077
579 22415
3674 341
14712 17235
15772 17001
17231 15566
18518 9279
8952 19089
19077 10477
22133 6152
1124 12866
1013 5394
18543 9028
20424 15646
6938 14251
3323 22589
7722 12367
22135 1420
13770 3473
15008 22614
20582 185
20225 2061
3809 12043
22532 13004
6778 21256
18301 17602
10854 10980
9128 8956
12020 5276
1732 4732
6270 15295
16252 20129
14856 1996
21021 19072
12396 17332
19791 21837
10556 1572
14840 7457
7954 4271
1672 17580
18489 6771
20114 955
13946 11633
16698 22355
18689 8970
20864 2963
9274 11804
6680 19006
9120 12782
15678 17024
3583 17542
2108 5185
8500 4491
2927 11650
3494 21430
4270 13769
18888 15649
3737 8825
22154 9222
5609 18529
9712 21038
19688 7534
6182 17494
1855 223
3215 6952
10953 8005
7293 3975
20984 10867
10733 19487
6684 9727
18252 13575
15355 17653
10448 12140
6413 16085
13231 17291
18679 18055
15458 21879
7773 10346
5557 725
15728 16504
16043 1610
5522 20184
7262 10182
19428 22193
21517 13016
1415 16834
8752 189
20687 12547
22368 12730
3150 20201
1347 17106
18419 3680
5672 9331
13876 8352
19293 6641
459 11248
165 20999
7428 22164
9047 18609
4084 10928
5837 20128
22397 3978
19547 2836
2865 16685
10305 20920
10604 15813
9229 4712
10458 12953
3497 289
5 14358
12946 18158
7867 21291
20888 1353
21042 17615
18235 999
6099 15613
18884 4095
3967 15070
7277 15051
417 19382
18079 20054
6992 9801
17500 20468
201 20549
10886 21474
13477 9943
13045 8404
22166 16761
8148 21240
21846 5965
12785 19635
13192 21318
14417 22439
7850 5068
10190 18639
22332 3574
10186 7198
1779 20465
14138 7346
3469 10100
12397 1151
15534 15868
21718 9068
22056 4234
20224 6024
9630 14566
3382 11405
22042 13148
767 3066
10537 11934
17277 18311
10296 12003
22618 7268
19645 15657
11109 3760
1414 4843
178 19284
13667 1023
4772 4587
19186 20299
12193 21758
7725 15170
14462 17981
17906 15654
21795 12270
949 13352
14827 1782
6860 371
7407 9352
19755 16470
19808 11401
774 4689
610 1684
10242 16116
11369 162
18623 107
11673 4638
22429 9795
14055 19104
715 19758
16574 19347
7303 5806
6787 4012
16758 973
11541 21008
6962 9865
12679 6440
22366 9682
15726 20340
10955 3274
11552 15482
7888 3455
22527 20231
10725 7590
18572 14631
1130 543
4826 21171
8139 18281
16338 12234
6605 20016
14887 21246
8928 18156
6513 16292
20719 5280
33 19721
5178 7323
19409 8476
16642 12664
17593 1192
15925 14602
5443 7220
18112 9997
12065 7292
6040 7657
19991 13816
10584 14713
2768 5274
6816 19928
9396 17179
8199 16871
1231 17198
15605 2707
22540 18186
13275 22468
14149 12301
22502 10778
19499 21137
13478 18475
19417 10542
5582 7878
15181 7062
16402 272
14074 4368
3192 14450
13513 20747
17623 7418
15426 1754
7480 9826
10443 9904
6686 21794
14984 172
19708 4896
4680 8566
4867 1763
7063 9493
8575 11963
11197 381
9781 4614
11871 1228
12902 556
17965 8808
16226 1859
3075 8520
9741 15632
20667 1894
19897 21640
15849 17608
7814 21130
11715 7282
2274 2471
11451 17778
2684 20820
22018 19115
5230 1888
9150 21128
15257 22469
10204 18985
8414 4901
7124 6322
14461 156
20939 15367
4839 16169
7791 16140
6720 19516
15171 754
22377 1646
16269 5119
7466 2683
319 15223
1518 16070
9342 19051
4165 2738
5022 22040
14645 7161
5289 17309
9145 17917
1688 13639
3568 13276
4038 2903
5956 1174
20603 18899
4862 10357
6883 3017
1444 19996
4523 5841
11301 21304
384 773
22031 1786
3167 15363
21887 16143
15576 12148
21869 9991
11864 11495
20199 6493
12108 9541
4111 7789
12312 20950
7398 15391
13057 13226
10608 20819
16379 16277
6419 6326
14260 19729
1604 3236
20374 19892
22547 14228
6349 8914
5864 13519
4202 16044
21821 16935
2462 3062
10817 2583
10779 19643
5212 19148
4023 13564
1768 3770
17190 5388
19397 12187
14467 757
8958 20498
7215 2729
3796 12746
19810 15740
3370 13536
11925 1764
1104 18979
14612 14872
17248 9854
8483 18278
19105 4714
18152 7249
20592 20643
13475 13614
21481 21201
888 6105
13592 18230
17455 22255
10206 13671
4880 20698
13986 1010
20594 3913
8813 5126
20389 9618
18175 19994
2966 8233
14431 2959
9610 18428
20318 16547
9206 16295
2464 19255
4593 4973
4937 10049
17673 16646
9175 20029
4782 3249
2593 2473
4016 16056
1083 18004
5732 19090
4464 4565
9645 2429
21965 15491
4673 3872
13735 16671
215 2608
20616 2655
14244 9212
12590 5166
15722 14193
19 11062
18174 12521
1331 20365
9841 7991
6639 15729
19768 4206
16210 17241
8458 19007
15891 1709
19627 1689
21163 20073
8892 8832
10626 3224
763 16898
3802 6042
17115 9056
18015 13075
16135 9899
4048 14557
5494 17876
11215 22545
16393 13758
11210 16184
11291 22278
17641 11303
13028 2737
7131 2483
10404 5138
3648 22165
11370 13430
16177 2092
324 11363
6947 5943
12822 10363
394 11407
21963 12109
15254 12625
15399 17068
18102 22128
15406 15521
20923 21247
21931 10581
14043 353
15216 2045
20816 793
15818 15537
2844 10421
21264 753
21841 1300
14530 3846
5202 4721
2122 5091
3728 14360
20883 5079
17324 13420
22182 18893
9390 13809
11737 13542
15839 10862
6235 3825
17954 17861
2247 2841
21079 19214
15360 14056
20993 5172
9631 20085
15858 2498
17270 16904
9126 11955
14817 15880
7246 14421
10736 15190
16200 3375
17321 3292
22271 7673
6539 4653
21362 17326
16507 19233
11251 16654
2577 18075
4749 11995
15780 6365
7128 939
8852 8016
4299 4053
4851 4856
1461 3355
18599 9137
690 3743
4376 11930
21886 10064
11168 19924
762 5685
6993 7932
12896 6143
16238 16365
3547 21530
5664 2866
6263 20385
980 3813
17980 12726
20314 12550
11742 10611
10500 3263
2244 19706
18759 3175
18565 9915
2170 6137
20693 14523
5241 21633
16838 13455
22507 6463
10099 9952
2245 5236
18039 3553
20281 254
17546 209
21526 3137
21573 8972
3334 19019
14958 711
12356 12380
14374 17801
15395 13234
11675 2564
17784 6388
19599 7806
14039 11218
19735 2292
2373 8645
16618 17020
15666 6803
7985 10943
22416 2455
19940 15871
7033 12830
15053 10648
1474 2230
21391 14625
17733 8539
18999 11103
3305 10554
8444 9362
17843 4089
7313 10706
15636 4137
18885 11676
20873 17739
17480 4350
2782 19373
14368 21458
16747 15037
22269 12813
11289 10912
6226 19425
1843 855
18780 9516
4968 14698
12733 1896
13316 10333
7676 17373
3039 17044
1854 11306
21412 7755
10637 1652
6716 10609
9191 12361
22143 12308
14533 7497
7174 7882
4742 3093
17138 10879
1564 21760
16424 21267
16561 2297
9982 6033
16548 212
6147 12583
4654 9409
4010 21455
21295 6705
19274 9498
3973 13161
11 1847
15239 9178
17004 5106
9552 7636
19550 2381
18717 19881
19982 1698
3419 12050
21997 3715
22017 19757
7794 15086
5000 1510
19632 18526
12240 9901
20400 9285
2353 14425
12636 12410
22208 17081
5986 3389
9576 387
9749 9421
15294 18774
14693 15033
15058 8665
3608 8945
7483 11570
15569 16407
14166 17398
5662 113
21961 10338
22076 15263
8733 7119
4750 2205
395 1651
19031 17176
10075 619
10929 4969
13716 5840
11626 1448
7125 11117
13711 18005
20437 17545
20274 7988
14501 11586
19695 15669
6599 6242
11167 4736
15278 7112
5076 2559
16860 4168
15123 21502
137 18685
5065 18294
19889 21653
3909 20183
1467 988
15502 7686
12160 22344
4115 20499
4895 12877
16781 22336
19916 16464
1585 18646
6340 5785
21200 13920
5097 18459
9650 10788
167 2276
14756 5791
7158 15227
1319 21188
11643 3206
16322 16448
3571 21910
7763 2566
18214 11862
22549 5431
21086 8292
17502 6159
7256 8839
12101 16242
5528 1081
19537 20753
17712 14024
2313 956
11231 21503
17773 8291
17043 2363
5268 1681
12190 21208
15900 20432
5026 16356
7842 21377
18688 14610
13221 9713
3513 1082
11461 589
3570 157
21080 3698
11431 11055
8082 20011
9907 9201
21419 2100
18100 8578
15525 13704
2543 7572
8701 16425
14576 4488
2624 10739
8127 12408
15758 3002
12538 76
10493 4241
14791 15688
20965 20533
1460 7659
17517 12236
1605 17636
20288 8239
11260 17404
8109 15768
16309 22569
4130 16255
2500 5760
10353 19250
16352 13601
10260 18570
7535 5131
6321 17014
9967 18437
13845 37
21349 22148
19646 22142
5836 14773
5049 15034
2497 12883
3043 6996
3890 17169
12241 16432
6190 14965
17049 19010
11506 4210
18103 21976
12921 16342
6573 12620
9461 18182
22232 14500
10019 7437
4131 10300
14502 17337
17183 8909
6096 11493
7412 16035
2034 1898
4841 12001
12843 21225
10616 18409
8519 15683
19449 2698
11134 3501
17522 21980
14825 17067
18697 4889
13875 22186
12166 2816
14662 14795
20036 14868
2175 5030
18467 937
22316 11937
16346 15303
1303 8690
19400 2459
4796 1140
20255 2163
3584 6769
4637 7089
14320 9633
18487 21097
13675 7748
2895 16335
1283 15966
22520 9884
750 7499
16362 3115
14447 17298
9822 6596
12969 7751
15105 9883
9010 13762
4564 16071
4308 6954
19987 14439
21495 4934
15471 9614
14296 9366
16699 4834
2063 18799
9988 17887
1994 18862
20778 20934
1882 15042
14772 15982
9525 2741
15081 21407
7443 8065
12672 3491
3613 1120
14279 6013
13484 891
10433 14052
728 14980
19416 17865
7081 2188
17617 1352
12835 13865
17819 5377
15074 10027
258 2849
13243 10921
8339 12255
853 13356
10156 18429
14284 19906
632 14977
7374 9112
12289 9395
10669 11057
6410 10200
20312 5876
22350 3996
19642 18588
6613 18115
8026 14144
1790 8112
19218 12713
14367 14146
11087 22221
22000 13705
10455 6497
19263 10882
3258 22218
20276 6934
18776 8325
19245 16970
12829 21496
15195 16399
3941 92
17515 14212
