91 47931
22206 20310
27549 41023
1697 14850
23626 28776
28065 37970
37708 17561
44740 22367
33306 32079
16544 931
38885 35478
39114 15710
18311 43624
36375 47907
10322 30907
20125 23780
15007 41616
43519 2110
14006 40360
38776 5266
41780 12512
1299 2430
21208 45689
45675 8580
39457 4540
3437 39810
27132 17520
34558 39601
41256 33507
47901 47677
6780 6992
16699 33672
47408 14637
14804 46163
19851 13845
34327 19221
4599 16667
28437 21459
45748 25343
27580 10709
33499 32708
20596 32710
27509 44882
4592 20384
3439 12482
47457 36274
25118 21279
1248 27272
11437 13571
41036 8502
9882 15968
27094 35018
36341 31276
47903 37554
21782 45509
31330 24536
17512 740
19331 13610
13942 18388
18822 45653
15749 40767
37219 44893
27777 17822
6140 31220
9190 43389
24944 43381
17550 4239
8734 14557
3784 23102
37137 1928
9665 20044
45358 40279
14900 1951
23273 46768
2914 10527
6513 17785
6669 31858
8132 42203
8949 12956
18793 30357
30859 28363
183 16645
29998 32058
29842 17588
22202 44471
19469 39672
13958 2950
38687 34071
41481 37696
19883 39410
33998 45114
27772 43709
