576 33744
13012 14069
6807 3091
5325 8881
15822 4650
22425 22223
27592 23450
14534 1764
20332 382
11894 17282
5646 19003
29779 18927
13673 29863
21274 26101
28472 19790
29376 31811
25236 2931
23546 16186
18072 25421
29774 19642
12789 15955
8176 1410
20902 16108
8564 3937
18840 5584
16568 3056
1385 21560
5019 8960
11416 3352
23842 32310
13606 31798
32259 18833
6184 212
1762 13901
4257 31609
30195 5139
26779 6382
33285 10356
17982 30575
18825 21188
6358 20462
30878 15017
24033 33446
30577 21637
27673 8858
22469 31686
17741 13399
24007 3446
29714 14926
5700 32600
23211 24777
17017 27348
23235 31463
31197 30465
8150 643
3212 23049
17853 30042
12752 24999
19635 8181
20190 3554
29821 28688
16322 23691
31219 27844
15016 18171
33727 31318
26302 25791
9673 13275
8699 30750
18040 8465
14754 4227
28746 10106
1191 26924
2405 23443
20248 14377
9203 10692
28808 74
23860 19052
20657 30265
11052 28989
13149 4955
17667 6351
5597 29321
33407 10702
32731 21609
15630 23844
31635 27044
26677 27346
17874 33691
17457 9632
9320 15541
27826 20577
24869 9667
12333 32634
7330 22418
20874 12712
1551 19384
12083 27302
28702 5074
21365 32649
31651 188
20226 3578
26367 3911
17673 32975
7527 17543
26430 15183
8254 13834
17502 16681
5854 11448
11120 32587
131 4982
3135 3145
31254 13279
25685 508
13686 10399
20506 8936
27693 24837
12550 15298
20413 25097
12208 31920
23984 11930
26594 13065
24755 9875
3207 30142
19086 4177
7344 23533
20412 11062
31296 31646
15160 1838
14387 22240
9273 33353
22797 31297
22948 2407
10957 24203
22875 25638
14530 7985
21063 887
32198 4997
17229 32696
12002 137
20753 6400
29411 13007
27791 17318
11248 27350
8413 6496
4640 19067
11870 10993
15725 27532
25118 18146
31580 23102
569 30435
28055 14693
26348 15679
25972 30411
6270 9155
24958 27303
20429 16406
24729 33026
28954 4803
10855 24376
27702 12366
21713 16805
10817 32697
1650 2836
2373 12017
32315 17238
9208 5127
30697 30973
10599 18647
30443 13251
12987 33543
7839 20275
25386 10588
13008 2842
6470 167
29357 6376
30114 33146
8046 28892
4291 6170
10951 15488
29238 2476
26220 26306
5026 981
4994 16324
24667 9696
29895 27680
7726 1566
25210 11330
17817 11663
19335 29173
4145 12748
13240 29847
24577 9810
3227 8208
19352 15484
12560 20551
12524 19723
5838 23260
3500 15609
16353 16234
27138 9695
33454 27083
33671 31624
23482 12342
17756 5114
28992 19957
5772 9918
20484 19627
6120 20485
20730 10673
32460 13303
14079 1784
28499 31638
16333 27
24805 30622
26875 30259
33587 7960
20368 2751
12043 23202
26044 18933
21023 11003
29584 11591
17243 12508
26311 5849
21231 4602
12470 17228
4520 8179
13881 9434
9890 6952
251 8961
7303 13270
12544 7866
22058 5863
23171 27054
1908 4288
23085 6539
8991 792
3990 31162
19198 21276
18797 706
3877 21403
25977 17169
21656 10020
19987 27929
14689 1818
21316 33015
22492 23275
23969 14268
23317 1032
19968 17663
16443 15902
22746 8227
21414 10265
10472 17867
23025 4614
24239 10031
25323 11758
20916 19871
28424 26546
21149 32496
9060 12626
16098 6889
16928 18705
8221 30084
5417 9390
13804 9115
27419 29483
13619 855
27664 19064
27324 31058
14040 23199
6303 17249
30159 7108
27304 1828
22328 2227
22602 8417
29862 16062
30981 2039
14950 4225
16742 25754
18588 13176
109 3291
12819 9254
22971 1154
6813 9713
18445 17216
31404 12160
16464 10660
30808 17995
16679 28226
17915 27322
6993 19324
7113 2554
4065 1538
22601 24246
2816 2149
2075 31867
28985 15028
12407 8487
22516 6028
14508 30503
30263 8341
23519 22557
13364 7562
16510 780
33337 23963
4342 31383
25154 26054
28517 27016
28365 32876
24801 12795
5409 33532
22059 5138
7300 19272
11761 13141
2982 18399
2663 28958
1287 14519
9341 29916
25854 1049
13585 20632
29071 31809
5525 4912
12252 24394
33423 24970
12372 25679
13420 1122
24297 12561
4196 3307
26914 25549
22603 15723
14059 21393
12453 24348
9048 5147
8434 9091
6412 3560
22530 14895
24523 12301
2270 3813
2672 8949
19216 24309
14718 14143
9639 28052
27442 9009
9978 30426
14425 16921
2902 26323
28723 6836
5625 17924
11583 7949
5279 31196
24579 28857
25805 20985
23935 29733
31691 9185
22330 16114
21041 22907
4626 25418
22179 4191
13183 6644
14682 31483
330 8559
21658 29935
25931 3639
6159 21643
8187 23457
28484 15524
29074 7337
23074 5082
12038 12226
16975 15072
7596 20530
19597 23570
24597 24743
27954 16292
20187 12675
25389 31639
30199 2180
19905 26020
28888 33469
19282 12979
29066 32434
31009 5939
21695 934
17984 29418
11650 9871
26437 9902
7478 26498
31588 7298
18424 17146
11067 3523
11839 9991
18304 16087
28773 16455
26118 28401
20253 20705
9309 12860
21584 30087
26911 21570
13819 8528
3637 7819
20601 15631
17419 7079
30610 21126
29704 6316
27200 26642
14566 24846
13561 19515
22806 31231
16525 30606
29276 32493
29753 28166
11189 6507
23470 26525
11960 7128
25279 7442
10839 20269
21261 25612
8503 29890
10495 21633
31317 16915
18902 29225
25675 17490
26049 833
31248 16274
31114 19628
2711 19314
17042 30165
29621 24000
19250 11009
12899 18428
7615 23989
4146 26826
2414 2357
6538 29350
6613 2801
15394 24857
11142 6735
8331 17073
22705 4641
166 33515
16156 18082
2581 21148
16527 26241
14671 3474
13314 17060
31282 21357
3081 13672
10452 30413
18920 22750
11040 3699
22661 8189
6469 30999
4305 20794
25033 7593
18174 5635
14022 11458
19755 28339
11125 14276
16270 13361
25105 5009
20799 16226
31747 5880
8542 9541
9795 1248
21981 30930
7855 19781
15644 9963
23538 11395
22167 31316
23569 8211
27859 24086
18456 494
11550 912
25991 5942
30623 32254
11533 576
32117 5738
12101 2921
23739 20458
27578 12646
9097 594
14209 15166
14354 17477
5741 7417
3267 17264
10990 8762
3853 8623
4986 11065
717 22174
32804 454
13875 19266
16254 17961
12010 29311
8235 28928
21254 3319
15163 31830
22248 4750
21763 11139
5109 9929
15779 7219
22497 18986
30109 25000
16239 10225
2749 2959
20802 29039
6554 21089
12913 23748
1301 27469
32059 18419
3166 11398
7991 22970
33035 30272
1075 27727
23146 2297
30472 22291
3243 6148
7799 24817
7606 4253
7586 30972
25800 16364
24341 16796
1284 28955
12484 22509
6001 28546
15418 22404
3128 25269
31952 14621
31315 18859
24122 24152
4044 7456
19488 22400
980 29032
1463 29237
11413 6935
17309 21558
4412 13685
30908 2068
12575 208
8022 25096
9843 12787
18910 17297
9268 21340
4364 17582
4121 10235
7607 77
1971 22969
29655 28050
598 12596
10427 23467
13699 24461
32014 29497
10368 11079
31854 25580
29763 22911
21858 16933
7518 4174
27061 27312
17536 30379
6070 16608
14489 13589
4220 10910
3621 25627
13642 33397
2063 1441
24224 17313
25190 4185
13872 32031
27976 30020
14609 9764
10312 31346
12312 15832
30924 16659
2313 20557
9877 19889
31988 13004
8177 9723
15252 12932
