507 43524
17564 29112
2961 6229
36097 20241
28059 6903
31953 3576
29642 26146
6847 33613
34422 10540
19888 19979
22116 41476
6380 5820
38141 41834
34544 27683
7019 40362
41588 38959
11969 12650
34424 10250
42905 35063
16083 12799
39504 37489
6822 12527
29096 26688
32271 22629
2974 9770
7276 15105
6799 40502
30089 25569
36784 37439
41687 41969
38163 24102
42104 31446
34746 9537
31792 6141
22823 1909
14054 26124
13133 33536
2684 34347
6481 6285
5530 41603
4947 6019
39090 12846
42140 11377
42654 5162
2861 30244
31771 4732
6394 16800
21436 31616
43115 43039
1231 41581
40717 41161
18057 16628
42990 36338
31907 40371
36963 40393
15536 38399
34497 14438
24197 25416
5394 32879
32849 10666
16513 32713
1544 10140
15881 18290
13264 37532
32888 31113
31062 29130
12479 32513
19484 1204
293 8588
23534 16408
35295 6300
35035 36324
38561 35866
25913 29525
16291 11977
29495 10461
9017 14380
12392 29686
6282 35199
39348 30498
19705 26718
12450 23003
5511 24221
1335 24535
29366 10660
41847 5613
26835 43291
30995 23684
27172 10345
41428 30355
5693 15243
37136 33769
27788 29609
21327 15252
1553 32048
16263 16059
38682 42094
20294 23739
4496 13691
18442 38279
32493 29472
8910 164
16061 9917
26700 33773
12414 20894
36523 34322
2335 19398
35313 33742
36937 7491
34740 42836
20927 41165
38239 36685
6313 41298
20361 24663
16851 24136
25283 8555
16103 6462
38420 17082
41232 9004
42549 6564
26769 28089
4899 1137
38491 27332
14801 25790
27035 20954
33146 18150
12432 27839
1075 24551
9918 34903
39743 15929
11834 21040
40057 40077
32019 20324
15732 17558
12195 20512
37918 17843
43086 33683
8557 36133
29352 33524
11875 13463
27717 30211
10659 29407
11426 30736
30397 31651
2493 29238
28738 18931
14088 12532
39657 38160
28887 1786
5818 37388
6448 7270
1917 20271
24863 2275
29434 16398
42992 38611
40153 15742
24715 5644
12096 8360
22293 30707
8448 26318
28428 9350
37336 19621
30090 41686
11973 15988
40829 31845
36585 1793
42841 24873
28878 36972
13551 8228
14600 13730
22554 34217
33274 37857
8996 2248
40863 34398
4965 27984
21755 36383
24785 19597
1255 32476
35455 7376
27773 31511
39248 39568
34146 36668
10433 15189
28843 27861
6243 13084
22654 17908
25174 29440
36872 6713
43168 30267
36575 24848
8123 14002
21764 43436
37500 31399
32561 20967
40682 26272
25135 36046
30960 40415
26569 22346
23117 1379
10816 24928
35236 16981
30210 35127
3563 34480
35137 37603
38903 12404
30608 27380
14384 30375
10223 20995
15545 20220
227 33298
10348 18799
3446 20544
8901 38302
29253 21387
25171 36225
22160 22325
22495 19747
28221 21226
10485 19311
31210 43064
42541 12131
33965 11496
7867 24574
20047 28362
22247 24280
16399 40386
18519 42481
2378 24758
24907 18856
21129 23017
21719 19512
15992 881
10479 5409
1106 42564
16865 35514
1012 23312
41051 34291
18962 4809
4433 27074
12697 32235
24219 11847
25258 25853
28350 25017
10556 7075
23257 34684
28627 266
25481 5809
27742 22944
14365 35827
25357 24094
26866 4546
23550 29290
31888 27855
36002 15269
41388 30113
40306 14209
35393 7633
23888 1572
34618 9559
23018 14804
5553 41704
25395 27166
34026 7853
35416 16774
37727 39845
30701 8946
21951 25946
26008 31963
12563 489
8172 24468
8257 36524
37863 4205
14433 17501
6883 43275
40388 9020
13602 30986
212 25433
24059 16737
8233 36592
40820 23272
10044 24350
31196 10267
39867 25560
41549 18552
14536 20112
26600 20687
32421 8459
28770 23733
42134 15711
3965 43122
28212 6972
1749 20931
38701 4062
2806 39107
32909 39928
11547 34942
19095 27363
18551 12204
21832 22903
39880 19232
35050 24332
12706 26737
43193 36341
2167 27125
13369 12440
2278 11718
7775 26387
127 15480
24726 16229
21532 26967
40336 38940
13149 36209
37255 38650
18033 13255
1823 39576
40679 40332
1498 21496
31797 24753
5259 3914
27793 17721
37794 15361
2090 21744
25929 43282
12266 18546
43409 20944
34567 37705
43294 36785
22527 12741
27406 7995
10541 3711
7902 36832
10871 10590
11951 34185
31360 11090
2723 9207
34109 15706
23668 12556
34501 36006
11762 24246
6230 7202
9052 22356
26362 38904
5745 24948
7465 12791
311 25198
27107 43408
8130 18245
37531 14916
1161 24285
2683 35717
34525 4224
34050 10275
14525 29645
27238 1345
3988 37241
25220 22883
15852 43457
41593 9490
12823 37198
42355 13417
40150 33607
296 29513
29656 643
35828 41981
40627 13072
35721 30317
12765 23883
3472 3033
34472 23302
30681 27364
17557 22885
24133 25976
25359 27142
6518 16443
21505 27672
40783 2803
15211 17479
20595 30188
35399 41261
17922 13975
31686 37453
21430 13970
27355 37384
39378 24040
14147 25871
25072 9440
6152 11470
36761 25389
42563 16285
25166 32160
14865 10620
21416 27866
35314 10486
43244 15740
29954 16112
15848 2639
26766 23648
10978 20451
12885 28075
872 34807
10814 36145
35757 35469
33845 12420
13294 28013
27050 18505
3331 14869
7709 25926
36 13305
30256 21858
32929 2255
41325 13403
40392 32684
39885 27060
4234 36558
34285 7298
30409 5908
37783 27534
17353 12613
3566 16775
8956 6482
16482 22400
18580 23127
38448 15568
6632 18829
13806 42162
35739 31669
9013 35764
22928 13321
20118 10494
2052 32248
28693 10782
20950 12148
36561 33478
25050 40148
39396 39407
11037 24328
10758 26490
20905 5257
9636 29816
5100 23801
43125 20052
6077 39997
5088 41504
11879 2509
27972 18061
37169 22814
22984 40053
8189 35530
39974 11563
15755 2956
8250 1098
5649 35578
12861 1432
7606 20347
37032 9386
31528 40167
16897 37234
20522 24851
41853 8462
25164 10220
21887 30315
11045 14912
6043 43427
30530 42799
25571 9348
20371 826
34551 26389
36897 13879
31405 1229
16283 18813
26943 14136
36307 11353
31419 14037
41495 22737
36164 42175
40687 43062
33590 16140
19422 31591
29078 35082
24448 15953
18373 17756
26040 3352
12712 5605
14232 33568
28203 10588
16411 7603
3667 36403
24868 37051
11952 13688
38323 2972
41187 5095
35944 4577
22516 39755
8241 19440
19336 21727
26772 36051
18343 24111
13918 40928
24125 33537
34161 29409
25970 2986
17868 32646
36948 33815
22833 9593
20288 23490
31098 18424
610 28796
5880 28246
