587 64465
15232 64144
48222 27914
13216 27245
39758 56893
26413 4659
30628 12980
26249 5716
58254 28105
50643 38586
54509 58472
553 63368
32611 15272
40634 4284
49606 57924
15060 31535
12453 35400
25370 43030
15152 33015
51967 22541
6418 20599
56024 29307
46367 51852
616 53361
33308 47741
33030 32364
11851 38512
28782 17493
36999 59549
31824 48336
27591 62434
15270 30410
11952 39451
37300 23060
29050 5928
27483 33045
17836 61093
52135 6845
20348 6101
12089 20292
19010 22641
49600 8992
42263 50506
57881 1859
61309 60081
28229 61770
50212 11989
1710 63711
10738 56021
44566 28027
28654 49735
4262 23489
42843 57619
39304 49555
60419 30836
52738 42729
44049 24578
32213 58211
51949 44257
38392 60574
49454 22649
35984 8610
19456 57769
9654 21266
54440 54155
29529 49472
57357 49560
58687 15656
20967 15366
17026 34010
39346 42516
51260 37436
51279 56859
34229 42717
47455 30431
22551 43849
59188 53277
42853 29838
50036 45960
6842 53141
38290 44534
23881 41864
31265 30031
10813 52910
64367 30460
35384 52911
31952 54638
55727 50653
8166 41282
27318 420
2895 53417
12312 61208
51615 46854
49090 1328
31819 37991
23605 45350
12840 30898
6256 56096
31118 14395
8245 481
16294 5301
20682 36652
37131 49983
44844 61308
40738 41392
22797 15613
5099 47440
1636 43941
2036 22739
24042 1500
55292 31575
51716 16360
39264 21785
41113 21687
18912 21059
28033 2568
45274 5029
58375 51603
44361 15454
23130 21882
10355 8820
17324 37526
49259 34034
5064 45625
11501 3351
26880 11438
40459 26321
44428 30633
57445 6596
1988 17076
20027 46143
23782 21455
37888 63326
37972 33005
36742 33009
22990 41053
36186 22585
35943 58754
17520 45753
1089 32275
48642 10305
33551 34562
20857 59665
36376 9731
58379 19741
48963 53488
38688 38881
30075 22631
62476 35937
56781 28435
2890 8778
41098 45991
57764 31510
19623 56007
18394 5647
175 30104
64401 62406
33070 44006
4689 17548
21649 11658
6274 31116
42697 13461
691 10054
53494 11722
56852 17279
26334 46585
26335 49160
386 44144
44077 20992
56311 10868
52743 24269
21836 24775
54287 51948
37008 19210
12946 47397
31295 63313
35406 14551
52775 30749
58264 394
15219 61194
38023 27230
38397 17870
29998 28896
32100 45291
59721 60588
32025 50334
33311 19510
48929 5968
59631 4152
59375 13433
37858 31429
62970 16177
13007 50671
47875 29739
17263 15005
38526 2464
25836 12623
46960 47819
25610 24996
20526 19823
39237 13435
49893 45088
20051 20673
43463 33180
44379 4949
36571 4093
11328 44119
26967 61996
3576 63968
39538 25181
11181 53080
58316 22268
7545 7054
15218 50163
22564 29109
57593 31658
18336 7622
48878 51121
7288 17497
63432 5453
33800 18830
16642 55370
8618 40685
11903 60818
10407 13353
149 45373
3521 62008
32714 25482
30950 61231
17178 25093
26068 108
57655 13407
1114 42159
46360 36897
52989 38153
31698 54905
13537 42572
33671 31745
15181 33129
1856 40596
55455 44243
22386 12918
5346 60998
38286 36356
50027 31
20146 30545
43424 17629
36574 17
17737 8147
30501 1820
62706 31969
39300 48939
29430 18555
11124 40114
1438 16450
15584 22359
42468 57685
3767 64321
5141 34786
29968 61507
16059 27851
25589 34520
4739 58384
30502 61044
6909 30593
15490 60597
55852 5692
38064 49124
44060 61584
50402 38062
10882 17801
44982 43826
35525 3559
48604 59023
24101 4448
52393 36338
3219 26200
2553 18326
15928 25823
41075 34416
58486 29199
17656 36385
38386 6721
21995 60394
47215 48405
38940 20458
49959 59130
8829 21721
63568 1748
14607 26730
34000 35515
27862 62958
29413 1310
22427 51606
14671 45125
55947 38907
23502 19782
28287 7461
57087 10341
16823 18934
58053 794
30220 18602
61296 9301
3426 1891
62343 28055
47635 32298
26939 153
55580 35179
43865 54044
35310 48472
39997 52116
24383 14670
16927 57602
19225 58033
5565 30822
2988 32208
23724 21380
48916 41384
64253 47712
12656 30135
47730 48733
22440 14934
55610 58389
4189 24317
2513 44676
6844 24476
50918 16454
57130 35216
1996 22507
38229 31730
37531 36932
63696 12615
15915 41340
23928 13647
41185 39809
51930 1608
3188 59768
6457 24328
60869 27820
30246 13013
47527 44
26809 63602
40701 25449
59985 31377
38139 62101
54756 57105
13351 10450
58527 60594
20363 46975
45451 64297
17416 17357
13411 40002
8415 53144
31277 12374
54408 58843
699 53154
24767 3928
17489 12787
3128 35767
57277 6249
49119 42750
23458 14494
11978 5446
30673 62896
11186 8479
24774 43617
11312 53215
5244 10031
45586 50724
3127 11648
13739 31522
50628 60851
44571 32701
5082 37956
52965 13973
56889 7690
30024 18689
13496 59714
38020 41528
44479 12286
64047 59189
54916 17021
40274 10747
25798 26348
10137 5254
56834 38561
55176 46106
4129 62855
8272 27349
2305 5204
54731 36812
2984 18031
63860 10823
23150 52470
8780 22325
34310 21660
61579 2633
2962 51100
36397 29212
29070 61496
2422 5856
2367 23902
34390 27300
18020 7424
5668 4490
24072 58920
53413 31269
19070 20272
62981 6584
59271 4313
61345 22785
28139 58668
43628 41897
54300 2546
38158 49877
64327 29229
6888 40438
60479 32017
19580 54525
60766 2460
16579 37769
14586 39150
60453 18665
29825 1268
9045 23345
31533 27879
1333 51135
64241 24580
62859 28050
52175 45119
50666 46587
37741 38412
3394 35093
8819 62776
9295 24018
55104 44976
44869 27912
16956 1452
7111 12740
6400 51984
32820 58839
36550 19249
36766 238
53928 33372
11252 28652
47046 49856
6730 27392
33457 54830
15238 44148
25946 15139
7339 27919
53129 58195
42780 60443
45264 25575
27601 919
17926 11253
18074 20631
20477 52215
26018 12134
2847 48241
16529 5451
58566 21614
50693 29847
50187 50149
31693 26427
17808 23033
9539 17744
23957 58464
21375 22034
38720 39397
18699 23015
22776 16369
20789 38316
23347 57451
59493 39197
30119 49505
22655 46790
27136 2927
12936 4146
14850 20164
61027 15
359 1304
17142 15398
3785 13260
49488 27544
47691 3675
9467 27886
4087 59790
47236 54406
20781 548
32426 42001
31914 14007
44803 6920
16562 23883
17273 30044
26356 21569
4578 572
38085 636
7320 43283
40 27076
12676 58078
41050 6081
34812 60405
22562 37068
50955 48321
53242 50447
4651 44407
61944 21048
7639 21105
27940 22409
64198 38978
50680 1832
26293 54652
48821 36802
45391 59092
12119 32716
3094 2710
27383 48343
6906 20920
21190 29038
56768 50598
20787 21662
38872 59100
9658 44276
38904 17215
14043 13101
6895 36512
57047 62030
19518 58394
54864 40309
46365 57741
32202 44439
7859 47935
33491 23999
45247 12430
59494 31314
2605 2725
5833 25362
14131 793
36028 4487
64331 42858
14431 19817
35040 1804
41735 4946
19898 52644
5357 52584
15393 35239
43243 47593
40228 23344
1125 26155
3925 47966
32873 40497
44294 46432
26226 10500
11271 2751
10216 15778
62324 60776
37546 10623
13880 17731
52104 12870
22985 9342
13148 16681
51262 34233
44043 10057
51047 28153
21358 32476
25088 38326
1779 61032
41023 46337
37338 47005
230 55423
62814 52815
53466 9401
33802 46459
21277 27049
17290 60105
38408 46422
24356 8792
51438 5116
2395 31142
9245 48589
43376 43194
47946 1207
51323 34185
59143 51151
48262 13167
22334 40432
47349 62771
