347 69976
48709 46317
67517 39504
53202 23648
1694 52653
41514 30636
55479 51185
68445 43046
27955 34881
55052 42220
13381 19500
44639 22210
27825 2113
3203 47481
42119 31260
17791 19696
55517 14937
23172 51816
28622 61598
19685 66959
13335 45853
58425 58479
19966 10662
39377 26159
34697 30323
68751 2158
31075 43513
3083 51452
55927 44206
4895 21296
60590 31462
51264 4794
49045 59825
26870 46574
3404 1919
42898 57190
9213 54881
23139 17180
9601 40364
40633 35859
34498 69822
9224 64564
42516 27983
39909 1249
41761 7203
57317 35306
24131 12749
13174 14640
45497 13094
9038 61265
28089 7216
41791 25675
45795 68818
48165 31345
17165 13875
59315 48015
60182 53744
377 30553
27756 54901
20781 19112
39685 40015
17849 38384
9188 40363
68003 51368
61336 52899
8119 37494
49854 60848
42035 15295
50802 17808
50906 1132
47747 59600
52501 10676
68956 55308
30413 31200
9478 47053
56378 68469
62611 49249
8656 5710
39718 33034
62306 30447
55037 49299
4877 55947
44718 60775
119 36207
62831 37071
31050 31810
23763 21817
59628 15352
26962 28586
22777 40035
5849 61829
34885 47204
24743 66206
42360 37445
48603 28135
10464 11488
12210 10380
53631 52802
67763 47795
8129 39957
61433 51699
67000 20545
57992 30619
69319 63864
62928 28
69811 63110
41351 28511
39288 64966
18091 62698
40114 18252
36586 25895
13038 9941
52198 32584
373 32424
13459 65246
13613 43217
44310 46778
11397 34570
60995 2218
30011 12458
16039 19378
30740 11015
45123 40966
21484 52876
50042 26256
23644 31727
42889 14248
50732 22278
51854 31854
22497 22351
34382 10891
52540 17022
65640 43703
51721 62365
61724 55279
18099 13938
35214 55325
68506 24455
3394 48867
25140 21608
42449 58190
14878 711
47515 39689
55342 27593
48885 29281
43590 40714
9095 14550
33074 9419
12371 8915
53156 63628
30059 27585
21055 51509
34985 69555
1263 15957
60740 53107
3815 41037
66501 66990
23070 39397
24616 6345
12590 48896
63303 27002
31584 44266
60187 26610
18272 43962
65740 35089
10847 12927
45071 56453
4060 44259
30483 52271
21970 10418
18807 47902
64322 34396
12987 2134
69502 63422
48500 32171
66526 9966
31080 10747
26280 37555
23368 19621
13230 12239
26269 1425
21500 29297
37280 66553
64659 38971
5046 50957
39117 816
60093 24478
4389 35897
17789 8426
43807 25371
29608 17341
16586 20269
18383 11897
39650 53747
7848 51846
36885 15945
59097 56880
35549 11018
41178 63286
53562 55336
42014 61490
29340 34513
67566 19383
56922 40099
57782 15411
60441 27245
63720 30184
16853 16205
8377 7112
20418 13386
44072 66262
52666 16581
30854 67808
65852 45440
47808 1849
28086 37611
66025 34661
64637 19914
10517 7190
53471 9921
64220 41034
69482 37395
1690 53474
13959 65917
48814 55922
68490 52872
23594 17933
29559 45271
26824 44205
48964 39793
64783 34371
61541 22677
23774 4697
13247 37917
50245 42564
53102 66447
59486 34915
20375 62321
44751 43173
9108 11324
57468 2771
41570 58105
63933 26845
28975 11585
57841 62760
37661 27592
19317 34089
32282 22152
65373 63804
19223 43648
16728 39081
40338 16546
335 35559
34066 12082
38860 18545
14361 31390
59609 47742
38304 60214
21211 66394
8368 60789
8718 11067
46567 53040
14827 50135
27952 32596
69803 14785
52346 49945
48699 36823
38993 27192
34481 4314
39997 13372
28755 37215
36957 29278
64052 24665
6607 52736
8258 52489
57968 19273
36081 36141
34130 3553
33853 7407
41821 17594
63160 35041
26826 43288
28856 16535
8881 33993
43150 69648
33380 29924
17786 28100
46933 41021
56161 3874
13422 39432
41943 29364
52071 57762
65296 25910
29796 36257
13702 45739
6670 12707
29351 27785
25008 59524
69589 49293
6241 23887
68551 38237
43130 17139
19095 55555
41647 67797
14206 10041
34071 41340
46664 19132
39243 31574
12455 66799
5403 19984
33208 33887
29531 13590
6531 69470
22505 49405
7205 23726
36844 28884
31609 53490
36310 8694
9613 45769
68885 47080
14403 3214
15143 36987
42190 54020
19403 7044
23207 21093
32874 17989
59984 26312
13277 68686
33577 39719
44121 66577
16923 42420
5895 38682
25167 32008
18160 20097
20374 23019
10819 42059
35593 37504
1613 60919
44096 20070
61453 68316
65995 13804
48043 22500
58081 11929
69537 66185
64133 22317
54943 50505
38193 60568
41757 26397
