87 72825
6153 38651
27463 1026
2294 8741
46061 11876
71456 39883
37692 50839
7757 41663
51832 8690
49152 50659
31612 30089
7288 50435
17520 12001
43875 10845
20549 13081
55914 45888
40633 24942
46151 27632
42726 34648
40842 60652
38834 46538
9838 3466
19157 1676
10334 13079
5353 47835
66652 2372
11489 59606
14679 22910
15619 39307
67851 8958
36968 12909
493 52759
10685 52360
58946 44263
34742 638
28227 64451
38622 17049
70952 11769
18206 18643
20191 3110
13662 16361
11706 985
16763 25262
57388 72481
27850 66890
49036 48334
40900 49768
2685 996
4363 60770
26360 39125
22771 62335
6262 17729
34776 55991
8040 57721
27705 32407
1319 37666
2564 34047
13228 24674
42723 1362
67627 1058
18799 49606
32411 26182
72263 59110
8717 63597
43141 53806
28628 13817
40427 50406
48953 63102
31578 54459
37447 36916
70583 39860
12673 80
3347 70871
36200 2128
33008 69213
78 20067
26572 26744
25981 57862
25749 46996
22563 54423
10506 60287
7089 68021
3417 69228
51116 36364
38468 45666
7818 10571
38740 53116
33195 29678
