217 95758
76968 45412
65533 51674
24476 49315
17808 69263
60205 40894
67962 8224
18493 33555
86702 77932
13518 24674
93184 11113
12655 71042
3033 60304
56722 25122
62465 45910
55444 5360
84428 4109
7750 35882
55728 8701
6452 75698
83585 6813
82350 40481
95364 85083
45132 81421
38671 71594
16970 57927
85385 88673
47447 4551
89014 56418
14618 41842
30641 5774
32188 14379
92827 78582
80541 29704
67669 56282
42232 51854
87569 25297
93269 73541
93985 48250
39676 50972
18855 32828
64129 63470
90579 84329
87491 43480
93772 92903
76094 66607
41101 78405
1244 33864
88802 70875
23777 19070
93109 31253
43705 11318
15785 12490
55608 47037
56615 33294
42260 32547
81796 45553
20487 53067
65448 9169
95237 31408
41058 44736
12736 24014
7406 81176
16002 39243
19881 77071
68085 24871
53029 89145
38652 53827
66051 19855
32752 57901
92092 62636
65038 25784
85333 32853
58167 31965
10484 83668
92181 47194
85293 94819
69558 49015
45274 34017
48309 82170
87223 49735
85794 70135
61989 32738
82480 18943
32640 74272
93405 50629
80988 9329
10208 94553
27129 76363
28758 31499
82721 30420
29860 43972
4944 21773
82338 69663
48341 78061
35416 27523
90922 60974
77035 85070
52984 23704
52103 28919
57964 79656
90631 55010
70899 90533
63266 72586
77892 54072
88307 3560
67771 2307
40497 22612
25537 59971
78693 29672
40557 82746
26415 86058
40995 63685
7433 81769
90236 11582
42843 24570
30232 51509
5805 93001
53896 61570
54785 82291
10073 35638
72311 89992
5750 6221
69362 7401
32758 92943
20059 69534
17606 73817
19811 37622
44029 65562
62611 56000
51312 47773
30287 58695
11329 33283
68889 76702
93662 21901
38550 7340
3383 60493
31455 17926
48714 65845
7917 51784
11015 87418
62901 33129
33070 30007
49960 21029
72075 47242
4158 64147
26190 13049
81000 88488
40660 25188
92247 71878
79581 76542
13449 25730
33616 63935
42460 75447
57727 73601
94409 19261
92132 66926
64520 10042
66781 64476
40686 58014
82594 49243
85554 44036
43615 50765
5673 1249
81352 22402
51968 15364
12059 30
52422 68245
14152 35724
6349 78815
50530 32308
37101 47025
48351 85849
82218 33411
76194 53456
26985 6150
45472 4815
92725 52454
88186 83007
23439 33152
91548 45209
18519 47297
92421 79660
91025 6952
13017 91746
19989 4076
19236 5526
42507 11864
64532 43865
11952 91572
6776 12562
65440 62014
91347 2374
5929 5936
56653 47723
36885 29942
90568 73091
83791 63334
31899 89361
93410 17596
19114 89919
45711 50547
31533 31289
44108 88320
42527 34308
5113 1491
37330 88036
53039 67038
53153 89098
38803 77822
54981 20842
20057 9987
10976 46267
88426 68995
62313 6208
80279 61331
91072 83098
85929 59133
