865 19348
10352 16427
5267 1860
11429 10295
11838 8602
8872 87
11512 18835
8713 12658
15294 13368
4854 2352
3372 8868
19143 10597
7104 18465
13836 17199
2227 10245
1597 708
10007 9217
15992 1293
7081 8398
7449 4836
6144 15155
16797 16822
14759 13709
16682 838
989 8712
9598 16458
6187 7466
15961 16178
903 8610
4844 14946
8319 14261
8836 17951
13516 706
3876 1522
5814 5696
16801 4795
12271 16815
15700 8128
3269 4223
12128 5400
9296 7289
11927 7805
13770 9746
7967 13655
16480 18300
5029 3242
8358 11758
18629 12827
15117 8560
13530 7351
11012 4717
12885 19010
12323 437
19288 9055
16424 3151
13979 5525
15152 11119
5241 7821
7769 19049
11881 7662
17340 6768
13868 19067
1554 12235
2830 2604
11801 13058
5928 7150
1753 8303
3584 3163
5509 19257
3711 1004
1297 360
10671 1154
1667 15724
10909 15561
13305 3847
10153 18897
15725 16591
14108 14100
5193 15420
5321 2260
1462 8117
5320 6474
15925 11925
10145 12290
5274 18739
2035 4916
11911 1098
13697 18318
19339 7590
9939 126
19045 7409
14488 13811
12123 12866
6749 7935
7012 3149
18442 13632
3391 17635
16760 14916
16792 2847
11814 9788
12305 17240
15861 938
12118 17297
11878 875
1479 15292
15061 19193
11004 8762
16542 9425
9290 11647
9086 13112
4787 10475
2000 2290
8369 2676
610 16494
14586 16308
1742 5115
7251 6598
15146 8485
12953 6456
364 16451
18894 12790
7241 17129
12561 6684
19270 3082
7028 11711
16422 12841
16324 18440
73 11571
7432 3525
9654 6458
11354 10318
18852 15213
6369 10432
1600 8900
16657 13176
12130 4632
15620 3173
8583 13828
14051 9253
12495 17346
13751 5869
7698 1938
16930 16932
6775 7934
2928 7293
16600 13096
515 9606
483 8293
2967 9492
13094 18940
12748 16994
6949 4685
7522 12188
7843 14830
4764 14259
18865 835
18344 12258
18072 16187
14833 7739
8115 15845
5635 12070
10156 15297
4136 16432
12026 6785
13336 15414
16818 10792
5212 15995
11307 10938
8204 16724
9906 3969
18586 17353
9222 3162
13123 9126
18092 17669
8270 1873
2046 17939
1142 14406
10795 13593
9934 317
1310 7452
2448 11554
16680 3341
9406 492
5540 13103
1484 18043
17555 157
14095 5946
18107 16549
15658 2735
4480 8543
7549 18004
5624 14877
14256 6610
6297 1441
5742 11311
1003 17041
14001 7756
15075 17100
8885 13521
15347 5301
387 18241
17368 17279
17741 2835
2654 2488
4676 6711
9642 12967
13242 11988
7243 221
7280 15984
8903 6635
7343 8950
11218 17584
13952 6805
4024 2688
2685 3186
14058 14424
6599 3679
9046 18458
8562 1346
14698 4671
12484 13795
2436 7748
6469 15886
13880 14166
15447 8837
2173 6774
11152 10503
10160 7663
17078 7515
18395 14813
13422 12062
15546 17573
2297 12284
4528 18244
14992 5672
10753 9120
10642 12992
17603 15507
10454 9401
18222 13850
17092 11176
1172 4278
4037 15147
5051 17896
3154 1675
11094 2692
864 15629
12289 4946
16909 6218
8904 1829
13199 3460
2222 3436
7625 6767
12627 13485
4814 13171
15564 8526
17122 7129
12205 724
11828 18342
7924 2303
4177 6015
3545 12351
2958 6074
1170 4372
3247 7109
9793 16329
5413 15854
10618 6996
11593 11981
11326 13584
10021 5094
16038 8902
9521 9381
12458 12004
7239 11352
8708 7606
16139 14798
16005 10190
9097 11719
1501 3035
1307 942
9466 18509
16356 17655
2649 13920
16879 11428
12001 18997
16944 9947
17586 3524
3826 2316
15354 19157
12950 17177
6547 8943
6108 11029
10851 12819
1014 1901
7324 14891
49 1030
8058 19108
13782 5104
3583 5556
12296 19241
3947 9564
909 11702
15730 13240
788 17090
3011 12197
15349 1214
3440 13468
3814 16122
9285 6177
14689 3124
17454 4333
18715 14099
2871 12510
16250 14136
12624 16728
8495 9673
5381 4992
8049 5611
16346 3720
17718 15088
13766 7603
7812 7655
3710 11972
16817 6249
4838 2145
4008 18122
17381 15251
19346 18368
10051 17227
18982 17602
18184 4567
6342 5872
11484 2258
4951 12881
13787 1991
3539 38
3319 8697
5711 5656
6274 14063
41 4633
18596 16917
4064 5258
6670 11682
14984 4363
17044 8221
12267 14626
10448 7146
7009 3690
575 2031
1517 6323
17246 1645
1080 6863
12341 5166
6526 13829
1151 7918
7770 4306
16100 7665
16077 12613
7771 10999
9499 3292
15639 17250
15397 6338
4422 6088
12589 4051
17509 6212
4080 8360
4635 17738
19007 18548
7307 16961
1538 17224
1085 1564
13575 1775
10829 13759
4901 8555
3991 17525
14231 9223
13474 14441
2618 3798
13947 13581
657 11461
17595 12825
10826 5941
14712 16183
5121 13940
13604 5761
7520 19216
979 7680
3050 18555
14469 554
11001 556
10838 3624
242 6383
2185 17082
14011 7851
2168 8973
4261 18097
9227 6161
13301 7370
6006 11237
12584 2639
7103 628
7320 274
1696 8569
553 15306
8155 12105
4772 1169
2870 15268
14517 13911
11866 16784
16040 17375
16608 19174
12911 876
747 1002
15651 15046
8500 11739
11604 8136
4213 14050
15985 19252
12261 6423
9813 4275
14597 10670
19279 9742
4987 772
7552 8041
14731 6970
11649 3596
2674 18733
2886 3316
16238 5882
14835 10237
7819 14953
16853 6158
13342 2039
15559 17714
15790 8328
1953 16865
2508 8396
14658 11815
329 6127
3829 18271
13494 18190
12141 10506
18324 11095
18521 14874
11691 6847
5778 17881
964 16593
10046 255
12608 13814
8606 3285
7692 8860
14907 14429
2010 2801
15549 16311
15094 12397
10474 7493
8312 10747
16723 14437
15381 6830
1288 9210
12772 9082
14685 16331
15473 7754
1359 19266
7876 1530
10667 3484
7441 3159
3137 975
16955 7919
14459 13191
12116 4343
12606 5452
14979 4074
11584 17531
6978 18863
13704 927
16430 8427
443 13021
12975 12214
15123 9955
3767 6758
16858 8347
12890 13101
6134 14428
11451 2043
7968 5165
15120 5340
10512 18235
4686 9936
4399 1698
9871 14725
11967 8125
14732 8420
228 9785
2573 1239
11389 4304
7295 10347
7492 16752
4658 16674
13056 19098
4521 4175
4592 11262
10964 2702
7116 8754
763 13068
18953 16299
6936 2063
6510 14546
6239 7118
12178 2663
10960 4251
16864 6491
14824 8499
12435 11161
10330 15449
6519 17160
17289 4162
2470 2778
16855 910
8991 12783
5424 17735
3791 5576
6528 12218
8941 16874
3789 5206
1561 2047
16616 15594
15545 11183
6133 18808
9107 12623
4470 4841
16753 3340
13270 9600
13369 4765
11657 8410
1365 12133
15536 277
2989 6755
16278 10565
10306 725
3612 4697
13922 1255
14085 8138
11552 3652
11296 5975
7336 14077
17410 11714
16956 11625
2054 15235
11749 19168
6931 1591
18617 3880
18229 17521
11751 17480
9054 5045
19058 3923
14873 12769
8124 17296
795 2134
17994 6681
2995 3536
18375 16030
15573 8316
10615 5493
7503 7194
6618 652
5153 9109
5848 14056
15827 8966
8343 2852
16491 16148
240 18937
1702 7753
11697 11957
2981 18839
9404 12362
11404 17135
13599 12153
16084 3501
11818 18775
18307 10455
6055 14144
2113 1642
2463 16226
8156 11583
8842 4724
8656 10275
14829 3346
12309 3407
18194 12476
17657 12420
11787 17799
7029 6384
16731 4210
18335 17968
13152 13519
119 13602
5744 824
874 11557
585 4263
3435 4135
4038 16935
417 7406
13933 10695
16454 11698
1113 13399
1363 9161
4011 13114
8252 11823
12592 18830
9997 11346
908 17597
582 9434
5925 5910
6418 4941
6563 13179
12801 6848
8048 14456
7990 16878
3636 3971
11934 17339
2705 8609
5002 6365
9950 12744
8090 17801
14093 2408
3172 7804
14369 136
17038 2914
6814 17672
559 3650
14607 10799
1117 5113
9031 14083
12134 10841
5924 10177
3532 16026
3594 1444
6085 415
6022 4142
1664 4331
12642 6926
9029 6110
10194 14156
1034 17008
1826 9541
8612 17345
2941 10387
6885 18252
17481 15104
11545 14523
18616 16677
705 1586
4392 254
10635 6730
5729 11893
2806 4115
18158 1614
11458 6960
3015 4043
5191 862
10483 13797
854 10736
16547 709
4407 6834
9664 10175
16596 12555
19192 10351
1355 19031
4847 7353
7352 10281
8271 18347
1811 456
10530 17955
14393 8400
905 11495
17923 9440
10143 18239
2184 9579
1249 6991
11616 16725
11118 8839
15879 961
8654 15451
5201 2898
5781 15735
6302 4050
3948 533
14101 11359
14571 3194
3890 13622
392 14383
19110 3748
8723 576
6959 12127
2894 4227
10875 2895
9693 4405
6063 10120
11750 1716
15174 505
14596 2758
14415 17031
16960 16922
253 14797
17802 15621
15833 5890
10191 2978
801 4695
9724 8256
15110 11312
3706 7855
568 14049
11865 16467
16990 18454
4349 15723
1768 7211
3555 12264
567 11829
17957 16767
2480 1609
14427 10982
18788 8033
17546 10060
18106 1094
7639 378
6781 3049
16829 2211
16786 8342
9507 2985
3320 16678
13627 7802
11070 16699
13457 10820
12807 10009
16188 15137
4755 9526
7283 6242
9460 2028
4122 2424
11483 17507
15914 4404
18929 14417
6398 14258
10910 18483
12824 10544
5500 12149
17466 3216
14660 2899
11080 3940
7285 6659
3861 13347
8089 17291
16133 13080
1378 12216
3469 14153
9334 17325
7044 883
16861 1393
9556 8544
1230 7082
17627 14978
12191 8822
6399 325
15656 8340
13 14634
5423 12494
15864 14806
8967 7840
15585 823
14766 7158
15523 10355
1418 14481
18151 12180
16888 6488
1175 6244
2885 4109
18696 1395
15911 1408
58 13310
17133 2661
8501 8078
13364 5792
5066 4712
7758 3021
9545 17943
1704 8548
12810 9611
14708 7305
8559 13646
6018 8456
6592 10179
18387 16096
6884 11190
11720 4529
9212 14971
4986 14290
9624 9168
232 11353
7587 584
10821 17616
9203 8471
18672 9743
1916 17532
18978 13862
17028 17625
14846 5831
14663 2011
10176 2006
16793 614
5763 14214
8168 9268
15733 6780
18437 10003
15176 7708
5600 17759
15012 1411
15780 5750
7894 12073
13924 18169
3429 17303
4179 16842
4893 6985
12467 5387
2016 16343
507 6594
12959 809
10819 8587
14470 13943
9623 9889
17709 17982
13192 7976
479 513
9309 3166
14822 17048
2094 13419
18055 10961
12047 14221
14799 1025
18285 3595
5507 17043
15223 6910
6873 16354
14838 6771
13245 11617
13079 15506
12778 16783
15613 11395
344 9973
3098 16625
12529 16984
6096 14635
13647 11291
6820 17715
2781 2397
5377 202
3963 2530
4255 17879
17241 13805
7422 13921
731 8755
4659 16304
8432 18351
16685 12379
7577 1476
