220 22515
12747 16129
3342 16341
14717 4065
469 4171
12514 3172
22504 12481
41 18437
20551 16214
3919 20715
4033 21826
1312 5054
10259 11059
12735 2
16697 22188
4424 13680
17833 16209
15816 8272
7691 3745
20965 21788
9257 12959
20525 1436
18572 21706
15015 10715
4985 11349
7817 3119
6606 2981
8724 6107
5615 12646
20939 2583
11663 4234
14681 12950
14827 12600
6430 13284
5727 8361
6599 12573
912 7258
2627 7714
9864 649
17428 18358
9321 646
8157 3015
17638 19696
1600 16594
14578 2739
11452 13696
3901 11935
3672 5018
7135 669
12189 9614
7117 2707
20077 6115
6312 15651
7956 11283
17911 7085
22096 15236
18849 19119
14201 19012
4121 20488
18566 18769
8555 2290
5824 16249
15171 21183
6280 3624
1585 3525
12697 7827
774 17389
11474 10242
19909 14869
7344 20897
667 12995
21663 13126
21044 21953
20561 15176
2442 17413
5374 4724
22089 7322
16953 17418
14254 6175
20232 2109
9857 812
15717 11708
21774 10377
813 20038
17424 13751
10253 7073
10135 11147
18579 387
16788 15428
4519 20281
1826 20674
13487 20243
22268 6182
5414 10255
17799 248
13772 5428
6695 5987
3391 18615
14995 18735
19866 10539
3536 12516
17081 11606
8364 9162
5301 12499
1887 13510
8797 567
21997 14096
10429 22452
7873 21582
13104 21687
11807 1742
13519 12586
5843 14232
6256 21319
1258 7952
3011 18562
1657 5462
22393 19467
13706 14074
8886 10417
8587 19519
16536 1221
16556 5680
10818 8137
12719 12763
8584 2543
1271 20882
18269 16955
10890 15872
10260 8371
1095 16656
19104 11373
3700 1056
14342 376
3029 18120
17331 8566
20583 12381
4645 17243
12782 1476
6434 782
184 11589
10485 13266
11360 13476
13065 5583
21095 20401
20840 7310
9545 6998
15400 5172
22443 3032
5868 19878
6018 22364
10948 18954
22384 11470
8618 17278
10194 2918
2829 19861
13606 6893
11588 15466
4990 2715
17618 3064
5188 17889
16516 20895
5552 2089
5626 19843
1717 6548
14544 21755
21023 20083
595 8777
19472 1225
4676 2022
4923 14191
2432 227
16186 15041
18029 11013
1170 5108
11336 7109
15650 14978
21753 21526
6227 19560
6764 16206
4494 2944
21805 7016
19990 19093
11180 16264
8943 17634
15402 1483
11631 12757
13674 8459
16954 19200
19837 17150
898 9125
1343 14644
5059 2428
21795 20852
1610 9446
4596 19554
17004 3658
22437 20785
18946 6776
1589 11214
17222 9450
10386 12081
9792 15004
20516 3065
20542 7049
10636 20459
16660 641
3807 3876
20788 8267
11872 19592
19863 7738
16063 9482
7334 3254
8048 12239
13215 9514
11756 21521
7568 2131
14718 11068
4993 10424
19496 2397
14766 6963
