891 11925
9679 10752
9418 1843
5633 4462
788 2498
6331 9763
8824 2477
4374 7968
7339 10239
1313 1263
1995 2187
1266 4252
6144 1483
9793 10908
9681 5462
4056 4962
9559 9820
3542 10595
2112 3892
11226 5159
1033 2048
3539 6693
8875 5929
4650 7619
4668 11321
3334 7195
4918 3360
11271 10585
11277 8649
10543 10644
9865 8892
1515 10295
6991 3556
7610 8259
3339 2488
7335 3534
1497 10026
7131 7872
7501 6335
9610 1965
8816 4389
1598 3586
4610 9764
4826 594
5652 9125
10805 3619
4030 10743
1644 3046
4511 3336
9175 5565
2856 8780
11127 11717
10446 1927
7728 2872
8328 3458
822 11074
4342 9029
6961 7907
8221 8512
2381 6114
9297 4566
7044 377
9374 8122
1055 2177
7897 4320
3047 9805
4157 10972
6975 11000
6294 7380
5513 2161
6016 6378
6363 2885
8063 9015
10525 291
8283 7934
3536 940
4582 10833
3316 9018
10763 11417
2313 7200
11431 6332
2008 8894
7679 11022
9472 11777
9226 9923
10222 4981
5788 10483
3485 11006
3017 9758
8519 1050
3246 7029
1978 4292
8719 198
10768 10055
8175 8049
4836 11123
7348 1634
9242 9942
10759 3062
10009 10588
1011 6865
11003 423
5625 4973
7780 4573
10993 1527
3257 2802
9132 212
4107 4722
4708 5872
7051 6246
7166 1462
9897 11557
11175 7467
4022 1482
1442 11438
968 2632
133 2158
8096 508
6898 8586
6836 4432
5715 10001
3992 10832
1983 8565
10654 8035
11354 641
1610 5156
5814 1887
9931 8389
2297 1694
3933 4816
8865 7636
4459 8093
2466 5085
4328 3925
465 977
11635 4184
3012 2799
5325 7807
8622 10209
7063 851
11132 7942
10358 2157
2098 6265
4821 2867
4062 9038
2298 7991
187 4368
7041 4891
5708 8499
2062 5896
2629 9797
11044 7250
9900 3015
6206 7739
4237 1957
7149 8317
10584 1949
2346 930
11295 8092
205 41
10377 4174
9083 6199
4831 412
3191 8625
11310 11811
3352 9167
5812 5833
10512 10094
4613 1201
4052 7862
2750 11611
6138 8005
10885 9539
9108 2965
667 9219
8883 10818
7890 2167
2583 3196
6850 7583
2259 5991
4726 4375
6170 10721
6626 112
5370 5079
8890 9019
6181 4230
3283 1223
134 11601
6572 989
462 10205
10678 9613
5186 2172
271 8919
6384 3488
1092 1833
8933 4354
1007 7663
3709 5348
3655 5932
1265 445
2006 4501
4248 6426
11756 7503
5813 979
6803 2406
2216 4442
4629 3153
618 5989
1345 31
6599 10340
10454 9903
3289 8191
7824 3523
11782 6092
6361 11153
10078 9919
11396 1572
5379 1302
3155 3419
1166 10773
7812 10677
11718 1494
6126 6741
11403 6286
9312 3879
2374 10803
3554 2646
2046 9532
8909 4714
10798 6281
3500 11140
417 11139
10982 8908
11096 11437
5243 6608
10484 5047
8030 3610
9943 943
338 4314
11144 272
11298 1838
6801 6519
3664 6504
6821 916
10013 8278
837 3735
3866 11722
459 5172
6640 8469
4118 2536
9707 5419
8554 4952
9311 7346
169 3863
4584 1162
10907 8907
10714 11234
1174 7109
8015 9224
735 6632
9616 6230
10207 973
11582 3858
2570 2519
609 5329
3832 2500
7581 5621
5473 2915
4108 6851
6474 7785
4379 5162
6941 3085
10642 8312
9244 11525
9980 4804
6210 1371
4530 9958
11692 2516
783 10191
7954 9363
1979 1027
2023 621
1908 11542
8846 10062
7378 5377
1339 11173
4333 2439
1036 7911
3402 6924
9510 2203
6949 6959
7495 3985
10030 4734
9858 7715
2379 2980
6450 5164
2662 7423
10140 1435
9908 2458
6775 7919
4046 4010
5091 9811
6804 8132
7 9009
1600 3966
2912 7643
3217 1176
4602 2768
10240 5226
6530 3749
5754 9373
1900 6060
2692 7924
1498 5271
5455 11240
76 11830
7784 9343
4612 9519
192 1891
3902 1990
1593 6394
4753 1989
7870 9450
7159 8313
922 10926
11303 7865
3088 4498
8437 6992
10089 11760
10776 10331
427 353
11035 1657
903 5994
5093 7977
6279 5300
215 3727
4559 11588
2743 7539
9017 8752
10182 3262
2012 5815
2514 3934
7201 5412
6564 3942
5464 5001
8233 3186
2188 7504
7455 9103
1830 8944
10691 7018
7252 11053
3359 6148
10658 7103
7904 2360
3417 4595
5993 8922
5986 1319
8536 9382
11294 3679
2337 8403
9179 2467
230 11856
470 515
9590 1409
10545 1377
1151 3799
10488 10899
6763 1295
10614 1191
9022 2547
4233 5452
4064 10791
3559 1574
8806 6895
6079 8056
2512 6112
6694 689
122 2690
6917 8383
6099 3201
1756 3629
158 966
7042 9403
1130 8319
499 9400
7560 6834
1062 4288
6674 9876
7315 2484
11485 1613
9085 4676
3825 8076
2584 7575
1690 476
6830 10262
5963 4885
7615 6419
10895 1976
5862 2011
8662 11898
10290 8514
7974 7605
10523 3325
4221 9574
6413 799
10557 4449
6250 7555
8333 2181
11621 9930
10339 2650
6022 3603
2538 10934
2942 7386
7407 140
6000 5648
11694 5696
6253 3237
7023 4439
6152 2875
10198 4875
2767 7430
9305 9661
1820 4452
57 7543
4198 8200
2688 4683
6567 6085
8065 853
9063 628
4151 8086
5835 3136
11791 7669
486 9736
4259 6284
7356 840
10070 9137
8130 7692
9630 10104
6124 8146
1239 6869
9256 9352
4913 5542
10912 2904
1513 6643
1045 3611
5323 10659
5282 1919
7059 10390
8423 8570
1400 8958
9466 9062
332 8617
1238 10686
9560 4306
5272 5581
7939 2937
9983 10936
11773 4580
3138 7693
11602 5832
9318 3893
1775 11061
3049 5670
4740 3368
5311 7966
2573 1457
2293 7367
10457 10842
2782 8910
5024 274
4995 7409
6227 1563
2277 7179
11064 1736
130 2969
8241 6191
1706 11430
7794 7856
10517 5555
8245 4089
2615 8730
3577 3756
5141 3446
6780 1373
8159 7958
8187 7891
6345 8258
10870 5585
776 6760
2562 2672
9649 1336
3527 11792
11809 5386
5491 8729
11812 3856
1426 4002
3051 383
11404 5544
7860 11666
2131 797
964 11614
7721 11024
8036 6
7256 11837
1894 8899
7530 6425
10809 7173
2866 11684
9378 7959
10538 9542
11113 3161
11408 4403
10978 7561
2865 2017
2436 11654
10619 10898
6466 5234
7601 2654
5456 6449
1170 1444
376 8028
2564 5002
3378 3008
1308 6068
3545 4839
8956 2706
9974 2267
4316 11362
9013 10499
599 7266
10419 5415
5908 9579
8311 4958
6346 10511
3609 8304
4407 10690
6033 6221
3737 684
4258 4791
4132 1337
2255 5798
4884 3773
9092 6987
7248 1484
5143 7471
5574 10935
4532 6817
4569 7027
10481 7789
4255 7272
6833 935
6353 4001
7073 3880
7505 6999
590 5801
9328 2124
6852 1438
8640 5014
10792 3320
10080 1730
571 11099
1959 7564
5100 71
7768 4471
6884 10741
8354 1202
752 6055
8941 7323
10577 11414
4697 6588
3103 8579
3900 9233
2901 7487
11682 3490
11318 11443
1160 3390
11116 454
4692 4943
6972 10676
4126 4752
8538 2278
405 3604
11507 460
10362 7670
1236 5150
7345 10781
1889 3165
1375 2821
10384 10502
3234 7453
6931 10019
9302 5506
6899 4725
7713 11432
5880 5943
9487 2328
8307 3181
10953 6774
9548 5157
2502 3356
3086 5478
10804 11292
540 1532
4119 5089
2455 7764
2042 8439
1182 11820
695 5431
6560 2485
8460 2666
10758 1848
8179 2118
11804 4353
6758 38
9513 4767
10363 6946
55 11254
4472 812
7347 7935
10256 2236
286 9425
9985 3438
4620 1490
6784 2794
7971 9665
5672 8336
3794 11831
7992 10780
11564 8947
359 1410
4017 10955
8615 9580
6979 9186
9479 2602
10679 4583
7197 4090
9273 9261
9390 10165
7877 3152
5582 10355
11299 6945
11409 10802
6654 9181
8867 3624
10831 9961
442 8607
11577 6012
2396 2262
8422 9567
11523 10837
5823 260
10237 4907
3115 11158
10707 3775
10485 3575
6805 10624
4832 11912
9585 8495
1765 1430
4883 1276
7206 2193
6480 9935
856 8937
3733 7492
9875 10900
7586 11628
1026 11527
3883 9987
7566 7381
4140 9847
1441 1479
8193 11547
2065 3249
4599 9634
3896 762
6631 4682
9443 1397
6513 2992
1819 11785
10985 5077
5142 10247
6563 9523
10542 818
11291 3897
10570 2740
8384 2415
11863 11713
2443 4330
9964 397
400 2208
1195 9045
736 6264
11029 10174
4188 11070
7921 10310
11510 6525
9197 4965
11875 4713
11281 3425
11833 6143
7491 171
7998 9339
5009 10087
5955 9074
10031 4444
5888 9741
4959 3114
7354 5646
10285 467
3432 2376
8209 7725
4597 3726
390 8477
3326 2647
7746 9307
1986 4870
10983 318
496 11868
6457 10861
10243 9411
11673 5254
4874 1773
635 9371
399 3762
525 4045
11407 6489
3884 10440
10886 1224
4072 9193
9671 5197
6727 7821
6417 9859
9595 9953
11608 7655
5651 11644
11815 7537
6688 11807
8864 3991
4910 911
11558 9495
5866 11097
3233 11187
3660 5996
2682 7234
3984 10490
6668 7732
1877 1558
6703 2775
10216 8290
3129 5719
10540 11592
7551 7062
8986 6080
8212 3658
1056 5556
5105 9838
817 7170
2593 10439
81 11889
479 9920
750 4842
2640 8150
6452 2348
5352 10787
10946 9755
5762 1648
7956 2114
8431 8926
7308 2979
4441 8492
2169 3937
9777 10785
2546 9629
5940 10864
11112 9541
9115 5362
9314 9496
3636 283
9048 4427
9056 1559
9802 3477
11585 2974
341 7460
8630 10185
11089 2953
11794 2513
3247 6952
1041 5829
2879 4004
10047 2196
4801 2734
3770 6251
9393 5885
4178 7355
8980 5579
8057 144
4765 1698
9397 88
1704 6020
4932 7512
6473 11010
3941 6270
9659 9951
8550 2392
11121 1643
11256 1362
11316 5184
3281 342
4856 8358
6183 3938
3354 2104
7269 10346
5992 6252
4417 8784
6766 7922
4156 11224
4286 5181
6718 2694
2044 3581
10795 981
746 5952
6777 9768
5726 9493
8794 3167
8953 9149
2774 865
4253 4851
11375 957
201 2925
1005 2175
2217 7192
10134 367
5063 3307
3030 2201
2423 6497
10383 5938
11571 2280
4930 7850
7698 8306
1139 4543
1325 755
10220 310
259 5237
8825 1493
11712 5441
2753 4144
8592 2998
5281 11473
675 2827
11249 7668
9391 15
10981 5422
4054 10465
7868 2420
11462 21
3373 6026
671 4721
10430 1234
2081 3074
2332 10696
3185 9359
6165 8139
7970 10735
629 4162
3669 3802
1676 1789
7443 4428
7660 2249
4717 4451
4860 10607
4743 8826
8997 1661
7043 8781
7235 9434
10961 4262
240 3694
8217 3392
1575 6925
1230 3113
6459 10107
11386 1952
6164 3395
6003 8626
3176 11143
4025 9375
8348 1022
8004 9127
10814 6720
11274 11455
6063 3570
2289 11263
7830 8252
