826 54464
19506 34571
1684 14313
29335 290
1842 5636
25505 30646
5978 415
11409 28461
53641 3977
34860 29039
46016 25292
18623 4155
14023 21547
49673 6155
47402 11691
39057 51138
20162 23937
40465 40680
39059 21567
14678 43681
38486 1576
43519 33741
39211 7433
26167 19686
37484 762
1147 12103
37016 42623
11488 18105
3691 5972
25668 18062
45085 7223
6309 34610
23830 23193
28156 50385
48351 7385
29902 41616
21 8279
3023 4040
1281 75
14208 23214
44396 36443
51332 40447
19468 22612
33451 7812
14831 39372
25304 34574
6348 39275
11547 49916
3526 17934
14170 7182
47857 9809
48555 10819
32901 13359
38051 38903
40916 14088
23660 43858
31659 28271
9276 18827
45953 6054
14987 50852
27104 24732
52826 38230
9932 3730
6711 40293
42428 45772
43964 4724
28551 17748
7779 20965
35486 13565
24508 18916
30694 28121
17704 38182
44549 1549
29293 37982
53515 45084
52037 37314
5986 25326
34630 18607
4727 32769
40941 38126
34259 37974
37357 46872
6114 27641
17496 27925
52629 3850
17133 19534
1780 53426
40607 52554
34251 37620
35280 37679
7902 14222
28355 11390
41482 11040
30886 33483
33566 42896
19871 27628
44041 28746
31980 20958
15830 35828
28462 25264
11398 33952
36793 30730
43103 34146
40098 47511
12836 43572
14560 10352
74 38726
19909 13717
31382 34965
21458 19753
42787 8547
6209 29740
52379 15906
51258 34451
37359 30515
8882 7840
31865 41750
6379 47058
30872 44666
25360 26152
15787 39566
25542 1569
5033 23419
36815 34483
16705 34883
41910 49567
26715 23857
13136 49699
45759 14940
53082 10905
21883 17352
25320 37888
43334 21107
13277 25867
1705 12281
11469 38694
10125 11573
20680 3491
37440 31031
28974 48130
10447 34649
31873 32737
32352 35353
938 16156
40218 39976
17722 53696
37869 39493
50527 39870
12295 11308
15260 9051
32469 28322
21441 4715
39680 49234
34157 29598
47446 45037
50839 3372
43021 30327
16630 34710
32044 36524
43016 51015
37527 9094
45162 50846
37326 1956
7722 14641
30537 27577
28568 28268
16407 11204
21428 17260
37920 5176
29058 41040
4297 16692
19454 29031
52698 13387
50183 2967
40355 2867
16294 35128
48465 11817
44204 46963
24174 42415
2330 8528
12930 32496
28697 43216
38756 33772
39893 42707
23520 23037
23454 3114
14646 24720
42249 37341
11978 48874
5370 28134
48426 11386
18031 3914
6243 22788
33332 44772
22393 35790
20805 36158
24777 13967
35364 29296
4904 6302
15825 51825
16457 41361
9437 10482
7192 28963
18981 45267
37886 14786
39430 18370
41144 27452
40202 46233
7851 1835
2676 24541
21888 20446
44239 14066
11380 33218
17764 35005
3333 18803
2736 6501
31310 39091
47683 14445
7020 35398
45422 23700
20970 20559
33272 39758
13435 49573
5599 20044
22929 10155
35337 21476
38855 20307
53602 45007
7962 43820
14084 38843
18450 16327
34485 31043
2393 50717
26720 48575
30639 49326
2702 6731
24422 26077
32073 22994
6382 37688
11057 2231
31060 685
6052 20249
4328 53460
41152 52836
52212 54126
36178 12177
32995 10550
49139 20294
25103 21134
44324 10790
46479 52419
47596 34733
41335 51143
3186 8807
48580 26929
837 17031
13667 29218
9930 15381
43547 28269
36027 7590
50205 18153
20943 51466
31581 31534
14578 22776
12132 35646
16820 33725
38631 12823
33913 40910
43434 22849
45611 39719
39672 49963
31558 10398
2564 53491
23574 12710
52175 12109
380 4324
3249 34044
43255 4516
25517 35321
49243 21984
34847 43497
32263 21526
25441 40629
21700 17258
11211 9948
36513 8927
16712 596
14549 27457
47021 16865
6141 12961
45292 23336
28199 9753
40007 12042
25263 48495
45470 27701
5506 9265
6402 1694
15282 42433
43470 9987
53419 11930
33860 34813
9513 41771
5661 16228
1613 41960
2730 52806
51542 18775
35844 4705
4998 28569
28580 36376
828 13904
18587 50184
3959 42519
41991 7288
2436 6574
11777 42304
40653 31502
47877 11497
42646 30946
49901 46502
45607 34830
4937 44445
30984 15213
22346 7531
46355 47237
1540 30411
50005 49378
43865 43640
36762 36466
24218 5416
15235 42943
11119 47584
518 20129
30029 33818
4370 2031
26252 50366
40967 35383
28807 48752
36238 41066
21415 36705
54090 45250
16086 30377
30219 32228
20365 40906
8615 14274
7976 30342
40579 23459
41973 18788
18680 45452
51248 53700
53 19227
53324 8457
53163 24463
21950 34639
22672 52661
43457 43712
13351 34881
50873 13474
15474 17849
7000 26845
6320 24361
24294 2394
8045 10543
43448 25640
23027 30009
25927 30164
19322 25677
24252 28338
35523 41637
42042 21606
18855 15979
42097 48852
2745 29359
6031 45917
3584 43975
35719 34386
34036 2843
18681 30346
14467 14555
12106 40849
37901 18342
24498 10812
8803 33033
53247 40695
51768 18488
4481 11431
40026 20429
4107 50176
43341 38203
20487 36065
2220 23392
20062 9121
47464 42914
24502 21175
4372 8446
37532 53553
21211 24506
34059 23055
23070 1820
3171 2841
38875 20683
7578 34004
51931 13465
24560 9785
32142 2599
54214 49655
14799 33144
21006 7435
36249 29924
14439 51731
53618 27678
28709 1904
26353 53294
53077 38850
21491 31969
48297 39881
47798 22087
32881 25854
4036 417
36667 54189
24685 35599
3729 26182
45890 47372
20313 27390
38435 16774
2238 2174
4913 32004
25811 28153
8131 54423
25798 13973
14599 47421
10818 6952
52584 24441
50540 4351
12374 21831
32286 49118
47225 35767
41896 21400
22315 12901
52532 41077
17162 45836
42268 10282
51311 22342
24338 2149
7674 8619
36537 16966
29488 7819
16976 41494
38374 49309
3781 17608
26064 48681
46899 47115
8356 12734
37078 32351
53630 996
26121 5604
36226 34414
43023 12742
36688 38566
43999 5027
45325 11677
34223 3572
849 40331
14417 44853
12656 16578
35963 805
1382 13163
33077 12800
7230 23712
2781 33184
45287 29054
46592 42183
27687 53634
36584 37569
21479 42023
40900 32916
35251 13160
29972 864
30260 21650
8467 42745
23213 48419
2570 34148
26425 3564
19410 16181
24838 26158
30815 17339
42471 20212
4795 43966
1343 47072
51869 51191
34355 21609
35851 18915
163 99
53983 26995
44681 3451
26875 30566
43029 51877
2552 39017
40852 47268
25987 44542
43549 38504
11344 38034
37504 9157
14745 12037
1546 6815
29356 6868
20478 50642
34736 38598
37616 38972
35618 34599
3815 38796
12080 52510
51884 49376
22809 222
34723 35121
20103 21362
26324 19609
1819 36191
2628 49099
48859 40113
32205 10603
16251 41130
19195 40838
44887 3368
44654 7409
13854 31380
4130 33355
8191 25696
20882 10405
38976 19838
20830 4927
49359 22825
44957 1932
14628 25556
45253 36921
43958 39591
25514 36679
1535 51389
43804 28915
13891 14836
38220 22364
35371 12889
25483 21137
34455 34570
10216 228
45529 36303
41541 26880
30320 52761
20635 22341
6743 3085
26043 25909
12153 5396
19666 34182
30816 51438
23142 17365
7721 20975
38544 39632
1314 651
16388 43995
19540 54211
8815 38143
21830 34956
13383 31284
38101 15380
22181 49791
17273 20325
12802 36234
43356 5630
19071 40952
43378 7557
52599 36937
23873 52278
6550 28283
16464 6062
8724 14754
37695 49796
19658 49407
12188 5938
47253 50593
34989 21946
35290 23329
46154 15188
12641 8783
28589 38177
38817 14639
23112 19355
33914 40929
41346 43445
52603 18148
19756 7775
5134 9213
14473 30814
12685 17991
6930 40407
28118 26489
50813 15840
9705 25186
13647 21751
11084 41262
21947 15007
49767 22462
37947 53122
48311 8161
28514 43386
21572 2095
25575 51485
41493 45894
19851 19845
43490 34470
36423 49100
8575 7522
20791 14339
42582 6445
8473 6786
15325 42983
5502 22831
48591 39567
18515 21767
4120 4652
7806 1635
1751 27035
12 9282
935 1707
29312 52380
30817 16213
31895 7558
48468 25323
51550 21592
46101 29641
48913 36295
47565 19279
46936 8889
18816 3212
39357 38771
41321 50733
20120 6330
40495 32837
11728 16678
37295 5145
33648 7992
46564 35837
35530 44741
20289 19886
1105 41026
51337 35351
11032 22357
26654 1992
30917 31658
44919 5549
3016 39452
32383 37761
2109 43210
46490 45139
47078 36763
23745 35312
12249 17147
34646 44438
9122 19441
28705 21200
23573 24711
12509 25917
7389 24402
2858 13885
304 34554
9052 12583
47995 31014
52073 2711
14704 24308
46000 28458
41266 34310
2982 10619
38036 25926
39923 36081
38995 23237
15796 41908
22561 44074
36511 21527
10758 38807
24289 5711
21061 21571
47351 16970
26754 2502
41020 21023
48732 33659
16422 46714
50911 10785
1347 25615
35681 53690
49540 6585
23747 43714
9832 7254
118 5258
44248 36101
18804 46184
1945 41193
2580 31878
32159 30930
27239 24588
46553 23495
18643 32652
37209 12894
18518 6247
23595 4919
2640 44312
5782 38145
52442 19822
50290 14194
11688 8874
13114 34828
41681 10532
51551 17413
51881 32507
11174 7073
10591 3174
19200 50716
36707 21285
48873 24580
28904 53804
30037 445
14383 45291
4721 35318
16419 9478
14650 27505
25089 20460
38554 54342
29847 23077
2084 52250
35030 54323
37841 30737
37816 39429
24933 12323
23048 32983
6444 5790
21757 777
21193 49140
17101 39656
40225 4166
52307 25400
25568 25770
12737 46799
21778 33148
12452 53256
46769 21806
22117 45270
45771 33979
53218 4030
30735 2525
37486 2686
27176 48369
11938 20402
21529 47883
27083 19399
8789 50028
5032 40301
52518 21489
3981 35910
65 37111
51816 2836
19290 20657
45527 26962
36312 52108
53323 2442
3286 25142
4534 2881
681 34595
54159 36663
33635 39778
39942 51835
48970 10638
49605 43831
16569 33977
12887 24697
14624 34104
25102 26691
50015 21096
45932 46789
18229 21924
37820 11636
749 42795
32183 1943
11178 27439
6414 17590
22326 50624
40496 41848
23192 53629
27845 7453
28827 1715
27775 50683
43889 15585
18376 1064
42102 926
23999 22361
53753 46328
25465 10153
43845 30344
53654 23003
25169 50503
16287 37499
50019 7692
19727 10188
24717 33439
38905 19580
7860 48597
6795 47895
35041 33389
50301 7348
41775 38258
25176 47497
34504 3840
40334 19334
54378 9719
41458 6271
40596 28042
231 16838
2272 40226
21715 14771
36424 41524
14647 2797
38636 44634
30556 7639
52726 4511
3398 25004
54194 433
348 8931
18652 6222
13065 17358
28609 444
32831 44488
