44 70297
14771 31774
32469 1464
25614 24364
10823 8389
22541 9937
11345 67193
4013 22554
49888 27656
27097 56709
66081 20914
28183 24140
32015 60540
28680 41456
28642 62015
10911 61749
56172 5985
28884 13317
6693 40759
38632 36506
59505 58603
43212 15463
3965 57693
8562 56653
61777 44835
67780 64840
41070 39919
29247 35143
25694 10323
38448 58292
24764 42732
40315 62354
49537 54843
53548 18645
32055 24171
47774 50715
58234 5628
48198 29421
13694 37080
14300 66807
67521 10788
59364 33817
8238 10935
40617 62077
13005 59684
