113 75188
14843 824
66969 9292
16274 57637
57902 29815
62575 20982
52880 56348
37222 72517
1872 10531
13178 5129
18683 40915
29138 30528
41895 69162
65927 71719
916 28633
729 19325
62433 70068
56474 21892
2239 68532
27150 31762
56271 59582
56694 59171
28331 64993
14981 19921
28903 63022
70019 36521
74011 53073
64278 255
26906 48907
9988 71441
23170 57866
17926 4966
44823 31232
29534 55636
21205 15739
16355 61950
37440 15894
19810 20920
280 57468
56933 34246
20414 52518
46802 24819
23660 28322
18188 73016
13477 44948
52718 24730
51808 26161
66759 54357
55947 15632
52656 781
230 61622
41372 45950
49866 24751
63737 17949
11558 50144
54166 20445
56744 23581
37531 27067
33364 25046
10151 63002
535 6299
53749 59368
40046 57976
49568 25990
73443 74360
30119 32755
43872 40052
20161 49191
14882 32814
73264 49875
59598 62145
19425 465
28561 51102
43393 53183
57246 37573
48034 53310
56967 64858
16130 23964
9105 66218
52330 26688
64051 40992
65121 33109
62777 18513
27772 7764
30558 17300
22747 23963
37456 46998
13699 73375
2788 43832
21008 40956
49453 28176
8877 60501
318 60515
49335 54049
21994 58241
20951 54000
56199 29330
25829 75145
20282 10398
30926 8337
71816 1237
69284 24056
60530 42737
16924 60434
64740 73900
62939 39210
29402 39347
33431 74016
31190 71829
36979 19268
33782 6180
52217 62828
43300 53786
31815 33689
