385 63077
21288 12403
55591 44467
43425 48362
1362 32359
27193 14445
40655 5143
59787 21407
55879 42251
49656 56454
43224 30994
9030 58544
46644 39360
24054 14661
3360 2287
27660 58800
58809 54356
32221 11210
39459 48005
11315 17479
43766 33881
14826 53106
3551 31311
58618 41355
16523 19425
36027 53287
33248 48533
32515 9307
35002 34186
56990 24418
38847 53774
40615 3975
57396 13197
25902 30135
5865 45920
8366 58684
10725 6633
62744 14745
15915 48307
53065 21363
58874 25806
46285 25145
5437 31096
3229 9029
62096 50747
39533 49430
55166 13829
43199 21637
28934 1842
35723 13920
1097 5728
41133 18633
31947 49355
47653 59079
23157 50683
32502 43540
7959 63045
18840 21621
45976 28586
19518 44579
28781 15365
7735 9256
30800 11991
11735 20003
16373 9909
21630 35919
41202 26511
15599 12094
57694 22673
19571 20037
9444 24261
45803 31629
18605 10198
53190 25732
57737 30021
43698 38288
47806 32743
14105 58010
32086 53259
20638 37459
37402 17456
29023 21055
24109 39671
33634 12565
34425 10844
13677 8092
40758 4363
49618 3982
47753 44021
11795 43361
20232 7560
16434 5369
38987 50720
5145 39093
30004 22607
35910 15816
39691 27343
51970 31704
40595 26486
49369 31299
42975 7003
26276 30159
15842 60694
5418 3208
50298 11501
24651 61037
12950 29744
42487 20502
60421 52314
48532 12107
193 62616
50575 30467
5605 19497
12383 37992
56800 40926
62768 35128
16057 5147
49342 53633
60918 28233
61839 7579
42172 13910
4200 49939
39535 35564
16512 1922
34859 59381
43375 28844
51789 38501
12822 40312
29986 16050
28659 57534
2571 62864
597 3818
27597 16773
4492 58947
50376 13769
46892 44845
37059 15083
719 29635
41155 11767
18032 53008
41743 17881
31383 12016
24993 57353
54544 22563
52533 61659
21271 45436
54176 25157
15387 23902
52730 3808
9946 11696
20652 15698
51513 29169
42109 5449
2615 25045
30089 57580
8679 930
44882 31043
52489 50167
49765 12940
56903 61781
58204 15995
9653 57551
48181 55635
36246 11423
36507 59307
53225 62776
37491 30933
37398 43207
59815 51037
20076 61620
7243 22927
27353 6730
24692 38713
54591 62172
33882 22021
40718 54676
39795 26247
1992 38909
2507 3402
58550 43620
24295 12164
54765 21877
3052 49880
2430 3257
30693 4557
19032 41819
45410 45474
25183 20753
41497 22109
23944 39900
31761 51126
10195 52841
38428 35320
20294 59649
24371 42446
7780 3973
45017 43951
23896 58382
44145 5458
6063 19603
41616 60217
49684 19068
4773 4588
18107 4839
61537 13187
52829 8181
42531 13656
34346 51392
13719 10106
34217 50914
40937 27781
44988 52504
12193 47069
12378 27482
49119 5683
10377 46087
6078 20479
2913 32020
19955 25405
50513 33025
10584 9223
31238 25296
16772 38203
49971 2186
58241 50904
26832 43272
61574 59199
48365 56401
27656 15840
58913 26286
33639 43155
42861 54761
9121 37054
52787 30532
52232 4039
31543 20200
15530 25993
46753 62671
30450 5313
24935 2542
48516 48211
12772 42921
33599 20971
25152 56905
23799 24903
54924 29127
27005 36235
56237 62372
44448 49392
48756 24645
29403 39002
29103 54701
21381 40808
6652 40582
54004 39514
35995 38758
47351 12881
19764 57841
45597 21874
44519 34047
6313 25980
29317 47933
4043 32297
42826 17616
16377 47056
25726 23532
25797 13229
4802 46302
11800 58272
30351 39666
21543 44380
53120 30799
57872 7800
23261 43935
8405 49909
18229 52981
60143 44609
6488 37488
14026 5682
23201 40085
56651 17470
26905 33755
52237 46769
45668 20926
31649 62808
6195 61592
24069 57720
54789 2237
58951 62971
41724 9279
25137 28754
47530 36406
53702 11237
5331 50265
4478 33830
29236 52788
55897 53018
56781 37812
45059 57826
35671 50030
21518 40854
2426 19064
50796 53098
8893 6495
8943 54183
60200 55660
55366 33427
25921 30971
2481 27908
42550 3768
11669 2574
35220 10704
8978 39063
13970 19898
40962 29093
57257 21390
12427 5663
61074 17567
4014 4750
24616 5149
32927 3911
60480 36941
32594 58265
56885 16370
29746 15749
11454 12720
31605 27885
31695 5706
13584 33962
26671 59778
18375 8146
12384 51504
18773 10040
14222 28443
7596 54561
59986 51211
25098 53948
4145 54925
10841 11558
8722 57636
12524 30652
11769 58796
37901 1423
29569 52592
54529 35167
49514 7854
9960 38974
4774 59931
40759 37211
7213 18890
28324 59122
61717 25643
16265 48754
26008 43953
13746 47013
62662 9351
45364 8189
32023 2584
31915 53224
42994 61778
3987 1413
13597 13217
36119 60962
45964 4656
28981 61157
30505 32895
13123 55459
13491 10080
56011 4947
3453 25276
8084 52597
812 18980
8599 16293
41541 39139
60911 36216
35425 62592
62871 59657
45815 46824
20509 2804
50390 1767
8942 39656
2668 15382
5782 33995
14152 42892
61603 11144
19596 11507
