717 50954
37141 50220
7063 41196
4309 32954
46621 22289
13021 17037
45614 9044
29453 35153
33755 40944
38185 45715
11151 31895
41465 24557
36412 13707
6137 29839
17615 36385
43626 22891
29902 1101
10358 38416
35642 15325
36087 14824
11420 27998
35278 45820
50785 48563
36286 10724
48288 50243
22002 295
23621 30905
17182 21804
38948 37116
32828 28403
31357 34843
29012 20658
43022 20472
4184 9063
7081 13934
20519 7455
17837 23545
40785 13969
40395 38158
5812 35320
28588 23271
10204 4031
1726 21489
30511 35764
15314 31221
30492 23480
45246 40392
48217 47102
15229 24794
30345 9966
6044 5743
32063 8011
25506 13953
31448 9017
14185 41114
11241 46655
13315 9294
12022 22462
25851 28119
13880 33367
36367 27233
50165 7795
8476 5240
47481 45679
35563 687
3564 41616
1393 1880
2760 48915
4950 15583
10362 25756
45179 30386
28667 36340
36433 43404
16001 42961
24209 110
40959 9655
15138 44544
46104 30606
16203 40145
48199 28113
8004 944
520 18818
25966 38024
31072 43451
37690 12914
50016 16418
7902 24243
34531 36481
1114 40295
48873 36753
40715 49741
46587 42990
39435 45899
9416 13049
42518 28728
34065 31774
14131 46963
88 18532
14689 562
24127 50825
14027 23773
38337 36302
14604 2009
45390 39888
49077 1718
16078 14585
33251 4182
33629 2
17518 26087
22211 46202
39473 27036
4023 39978
20083 3335
34037 23804
45083 35916
43694 12117
47843 20909
6100 30020
8158 14387
48762 20540
15768 41875
15009 38328
36436 39359
39680 31982
50328 7554
38596 26258
22402 11390
31952 14718
36234 23254
9403 8528
23201 44970
14234 40704
12889 18597
10649 11591
37538 50053
45752 10753
28924 42093
7420 12315
39569 39331
28789 45416
45248 11089
28999 18207
22151 22179
24758 2705
7744 45850
1844 33518
39904 37411
32815 26523
34760 24989
39063 34886
30001 9482
41158 47918
3241 25057
47168 21981
50554 42795
965 26628
35807 18959
30393 3689
6125 22315
8244 83
42227 44665
3195 10866
48374 16175
3804 8279
21242 18395
9594 15677
29531 5749
49914 8661
37463 10384
30314 16854
40199 36970
29570 26792
34370 21130
43740 11054
50121 47630
6189 11999
18670 42047
35954 47669
40410 45542
20258 29782
21442 16487
21830 11611
48165 45253
14805 224
8855 47514
4082 35251
8073 32437
10855 5800
46563 24055
13088 22355
45997 40820
27104 1116
50889 24501
32762 19722
13412 44228
17416 13607
15968 39026
41123 14577
35036 2830
8707 48198
43869 31856
40183 28411
2893 48466
2483 43320
38940 1799
27778 204
36482 33556
3097 42125
45927 27727
39395 19042
7212 49352
11672 22639
791 17968
41549 22360
46492 2670
1618 25680
49377 23791
29960 20534
12671 24294
41133 8309
33497 9474
28493 42070
3009 34762
27281 20322
11432 15980
50601 49487
15391 3194
33289 43279
37899 23405
17163 20715
4890 3132
40435 2458
17780 25039
20723 19312
33284 22294
34866 17227
34220 50741
31313 2332
9534 29708
28537 893
21367 46092
28352 40128
15786 3629
11339 45973
23337 20022
13048 20679
25677 1509
31082 27039
9439 42083
25810 20681
43881 11892
463 12207
41716 22558
27676 5737
6498 27119
32209 36885
27505 43569
23087 50806
15965 11879
45361 4942
18845 43956
29664 2193
45722 25419
47065 23954
4216 48305
15389 48445
17727 49403
12905 43091
23635 27817
39827 49943
1293 14519
41390 11205
42864 38445
42009 7289
8784 21648
31644 2130
37424 22463
44802 34507
26777 45143
30674 28253
42217 47350
43197 4968
40411 39257
10403 19424
15506 1696
4730 46281
32864 34911
45025 1666
43687 41702
21454 47967
1000 14483
1056 1078
42444 10581
35508 21963
3368 5099
18301 4877
31812 50474
37014 3507
25519 29710
50718 43269
21714 41131
20930 23339
1091 28570
34544 33727
16734 1058
48861 22744
12747 43606
13623 28184
40839 48456
5638 3819
18775 48218
5084 32296
8699 27613
16835 10948
14723 27218
15202 11498
32482 26933
27844 17696
12373 11367
9627 1469
41490 50170
18582 13274
15630 44727
2536 36550
11215 44990
26305 32735
48487 12170
46973 7555
40173 42566
42398 35049
29835 11577
35207 16667
36230 10335
26848 25222
43622 37449
43424 22496
5793 6981
36379 6429
25475 4548
29161 34822
34278 39734
21554 16553
2957 11196
32446 18571
50010 31917
11933 13267
14408 9347
38795 18865
5294 24637
35810 9091
40509 2745
49002 23962
6038 32466
533 8988
1517 48552
18755 19413
3724 45891
30019 32082
13447 21724
28556 26938
20991 13662
15667 3945
10918 45942
46177 44155
32167 50180
45030 38669
4975 32602
32629 2385
14043 10084
44171 13957
36919 50435
28827 50875
45254 13586
4261 839
3559 48481
34730 36407
37539 35080
19230 15190
19666 38151
9243 20129
44206 31857
12467 28814
1951 49036
8694 11754
2685 10658
19498 47812
49519 12991
23333 11127
40266 20043
44415 32533
37697 25818
23472 28413
20789 9350
42831 39707
11888 45140
43355 37725
23573 14125
39143 26809
6039 6156
40603 46961
44625 42782
32538 3084
19523 50858
4615 10106
31860 28305
1318 22733
41090 23861
6723 7402
14415 18750
31648 21868
34529 10012
50942 23990
7390 49503
37442 36266
5845 5034
6608 12965
6990 49749
42101 21437
20967 6964
27897 20597
38069 45880
40778 39111
39466 35950
19274 28781
48081 1182
45103 19676
2734 25239
4679 30143
17988 25833
27959 24616
46054 50391
11624 24495
542 11652
47675 46648
27224 22595
1792 30322
9906 27490
46201 20348
32011 44689
29562 39450
29867 12153
4483 5416
9305 27372
43948 6683
3506 30302
29367 45626
33987 14256
6256 26796
36363 9647
22862 25715
34410 22249
43421 47570
2924 39650
44525 46350
19885 44016
46855 46142
15045 33779
15125 21895
13141 1406
43294 33295
26297 46726
28247 49581
6408 30412
1584 25876
46149 18889
41010 28108
17070 19762
12179 37603
40421 34087
19205 10377
31933 21586
50498 8644
49102 19059
3756 31786
47086 8288
4487 40431
41934 35971
26637 34626
44040 39105
49139 39782
13160 40261
43172 6708
46745 16106
25332 7995
1665 40549
3075 25193
50574 23913
5040 17742
22586 29221
35415 46402
734 48685
1867 35411
7484 24680
9447 28760
13005 20595
15803 8100
39965 8328
34125 9417
31698 30641
14399 41736
16988 31450
31556 153
32915 3786
43901 36957
24980 27752
12971 18723
47101 21119
15282 42919
32057 26911
47192 9138
33648 22538
1394 19306
37258 26202
29506 36680
50389 36747
16768 5468
1115 11733
43251 50894
35483 46074
37083 13854
27495 23648
22472 9289
30114 27803
2479 9679
22030 46919
6447 19763
19649 1358
31057 9465
466 49500
705 18574
24289 47405
4524 4429
33978 24668
38566 2491
7597 1895
27704 1732
547 8132
44393 5515
17006 16643
32979 48425
34517 48534
34101 46082
37638 17324
6036 1977
37512 8580
21027 45475
30299 41594
46815 12522
43691 5581
20401 30914
17117 8583
44721 39309
32970 41821
29038 33586
18175 22418
18127 45472
21296 10642
446 20357
7385 9326
9473 46805
23372 39303
39037 18996
37949 31156
12730 18478
4580 50712
39176 34936
1516 5782
43106 46695
40587 39249
23899 46595
39465 22125
42845 12057
23453 30400
5851 47939
12416 7408
20544 794
24853 42502
31794 910
39201 3926
31909 28469
14645 20663
7270 17123
33853 42165
37530 39464
13737 29493
21049 31163
40018 26049
17062 10163
26435 47078
13541 7460
20505 37103
39692 21542
45250 8812
16634 28036
15612 33704
38213 8524
12688 42867
29313 19914
40639 23215
310 27316
3180 40525
25784 20075
36214 20115
12870 18193
35500 42611
31036 23414
43605 25804
34255 38174
6496 40829
33927 43718
16488 30006
20447 23628
15861 17590
4388 18216
17537 45381
19476 32905
21808 19001
49571 45148
40416 32670
33350 23178
45277 18019
45478 14477
7323 45578
31423 20259
40782 28280
2667 28520
23319 2116
4151 31280
5645 1669
35715 239
6543 8447
42491 47500
42567 30673
36033 15876
46229 31988
26263 25905
22768 48479
21494 22222
50172 34420
25296 29330
21565 21974
22755 31714
18489 29814
43547 13133
38070 7111
28181 4654
31488 39573
32019 29686
28707 38468
3425 32276
24279 5897
47487 35485
49359 33577
45457 28548
18409 41050
10463 39778
30457 8410
14230 33948
27972 25377
8207 22446
10284 14678
26570 31953
2994 48310
38254 30878
6428 6193
13671 32338
7209 32767
20118 3230
47701 1112
50269 7848
4318 49014
30152 31249
34789 49085
19087 50122
13745 43477
9958 50591
42468 44614
26230 10466
36886 3782
8084 23205
15744 38764
26880 711
1069 46332
6204 44073
28624 48783
6846 38371
13603 13868
11018 19406
15393 9954
23251 11979
27015 32897
20366 31159
46392 6945
17545 10457
32365 17494
7760 9070
6425 22398
46410 31064
33837 46484
12493 29449
35462 12950
26118 44198
37127 39060
50326 5785
93 6866
46670 25646
6559 974
18512 13101
45640 27559
31693 25004
1808 25450
4433 36825
22702 6656
5810 10697
30176 36411
12219 21080
45233 15820
4416 23600
