738 8481
4009 936
776 166
6693 4063
5105 2732
3108 6603
6544 4913
6863 2360
1198 7967
8102 4545
1750 2056
303 5858
6363 5631
7081 764
1202 3414
3579 7413
7254 7797
3481 7225
6204 3850
5526 4818
6651 8257
6599 4498
2488 6478
1075 1976
5205 1621
5031 7628
7577 3795
55 7131
1038 8090
1216 3350
3073 7503
7831 1709
7973 3806
6354 2285
4769 1136
3424 8099
445 2803
7823 4779
8351 4320
2250 883
705 7022
1747 4962
8023 7881
2860 6435
8176 1630
374 8043
6772 4277
2078 579
7122 7592
3748 4412
6006 3079
6803 7002
4072 6869
2918 1966
7898 5970
7635 2131
1896 4899
2746 3798
6040 2382
3008 635
7506 7846
6214 5393
4382 4236
3826 501
2549 5298
3693 5584
2173 5990
7522 6455
7158 1708
2306 7666
5423 3271
544 1272
7072 6392
8218 5476
5356 2149
990 428
6077 684
1171 2976
3536 2654
56 1737
6642 322
8182 4554
4666 3886
6988 5198
1886 2194
26 7744
107 4617
3940 6949
2603 5323
5225 5624
2687 7004
7062 7090
2701 3817
4906 8297
1469 3993
6771 4416
7671 4569
3560 2684
220 7366
8309 6832
6362 1057
1119 2233
199 2937
315 336
3506 1347
3394 5283
5123 2426
7653 4168
881 1949
3726 3965
2904 1764
4234 5821
1206 3507
899 1260
4562 5011
475 3629
2198 4756
8231 5451
3635 6385
6491 6222
3004 7518
6048 4973
2552 6275
8240 3266
3179 3097
8333 5388
6848 825
2138 4825
1789 4129
3574 5007
3979 6647
986 4972
113 2273
4634 7374
4040 5745
848 2875
3163 8033
1967 7884
3981 2774
5289 8232
452 8032
2569 4556
7027 3461
6969 8037
5921 2870
4516 4227
1575 5658
1315 3522
2658 4291
4713 6892
620 6868
4922 2947
3333 3725
4155 4868
6107 3541
5823 1947
3336 1531
2622 6393
4691 4654
4817 4023
5382 2516
7202 2266
4027 1248
2585 5676
3174 7778
6424 252
8160 1656
432 7480
1593 8034
679 5259
423 1787
5233 543
7 6093
7858 725
4508 2022
8085 3745
2220 2188
3824 2917
7344 6219
5852 339
4325 691
5268 3792
5985 6620
1831 2750
4456 4745
2301 5278
6722 7100
581 5111
3372 5449
1177 7399
7754 940
5147 873
6679 2887
7279 1393
7055 7656
1496 6709
7699 1568
5640 3890
2221 8244
6754 5098
6749 1033
2885 2656
6842 149
7930 1096
2326 5024
2889 235
2097 3289
6311 8389
7416 1913
1700 150
7952 7585
7445 4253
3739 603
71 8065
7010 5078
7897 1812
7907 857
4536 294
5589 862
1587 2427
7396 4747
6655 1563
6623 7434
524 3005
6905 7757
7972 5209
5015 7270
6677 2919
6622 6425
3988 4550
3918 8473
3578 1449
8308 8018
3260 438
5172 6394
4239 5037
3696 5020
763 8123
5922 997
1458 7796
5989 1363
8414 6380
1209 3822
1052 1736
6058 8222
4286 237
1721 2203
2226 3875
2511 8046
2528 4632
6631 4153
1432 2405
6947 3561
5859 1968
3201 1279
5000 2122
8143 1981
7998 7201
159 1596
1104 4752
7700 312
3994 6688
1971 7242
8174 6601
6163 2126
6192 2520
2765 687
385 634
3039 3697
1396 5828
6423 5459
5726 1883
3221 2463
1076 2773
675 255
4442 1797
644 4419
2754 3164
2293 3779
8363 3339
8319 1919
5820 8454
7491 7216
1312 6866
3975 6237
1529 7163
4619 4914
7459 5884
8350 7005
2936 5637
6282 668
1325 1705
2240 5907
4974 2460
8443 7293
5276 6283
3374 6494
5533 416
6458 954
1301 1018
685 920
5835 1728
1257 7646
6019 5027
6751 2175
2361 3352
5598 545
5731 5779
60 6152
7095 2441
4405 1522
6407 2336
3910 4310
1972 7570
7304 1887
2469 1348
2462 2069
6129 3133
5408 1009
1386 1014
4370 5931
5670 1375
5448 4268
7478 1464
242 5040
7320 5601
3796 5439
1914 2055
4307 5376
639 3279
2423 1226
8338 6126
7643 7780
6954 6421
5905 7083
2537 3989
6205 3413
455 1741
3955 7451
952 4455
2597 476
6054 1102
4798 250
4262 3889
7860 4247
2709 1852
1523 4811
7056 6178
4821 4806
4690 4174
7922 5442
914 6194
1294 7830
8151 1436
8470 8448
795 6497
7349 5794
4315 6557
3529 7840
5603 2299
1834 6689
2514 4538
5357 4948
844 907
7645 5883
3845 6635
8239 295
8214 7662
5866 2298
1442 5719
7564 3760
1610 8288
7920 4395
4282 7921
7080 4056
6867 4116
4450 1636
3702 4848
5271 4007
87 2521
7127 8453
4143 7265
5588 2710
1874 2134
538 1556
6671 7708
1068 3971
6258 2799
7031 1429
4939 2449
2142 5313
4750 219
973 462
8259 4465
8321 2486
520 8053
710 6345
3604 995
3756 5269
3228 2561
537 4552
2015 1953
5136 2876
8280 7940
7938 6034
6485 7517
3099 3255
7420 8310
555 1302
614 2984
3999 7303
1670 7985
6939 2659
3885 6839
1077 5088
6339 5201
302 6324
298 7250
7110 6479
1239 4359
4923 7440
530 1850
3738 277
4837 3069
1159 2075
7918 8096
8071 230
8206 1775
5465 4225
2871 6587
4795 1409
1 3293
2013 6480
6628 2841
3101 3929
6098 1147
5106 4764
2162 715
439 2019
6102 8407
4790 3187
3664 471
6572 1143
8289 1735
2674 3168
1064 1558
6035 6785
5380 3340
6334 4298
6374 7559
2482 3316
3075 8115
1520 7802
5671 4727
7869 3493
7526 6609
2735 5202
5195 161
6290 4898
1685 2174
2281 2669
6879 1719
2952 8430
5187 6372
3067 4531
7269 5333
4512 382
2501 1766
2827 6902
3518 192
3600 3490
3310 8417
6957 6810
5691 6260
3769 8305
8152 2835
8002 7803
5664 6713
5641 2845
6731 8138
3836 7976
4264 7785
1430 5832
4525 1306
6092 652
2574 2673
4185 6509
173 5724
8104 3501
5090 7283
6845 5314
7365 4491
8173 1811
6704 865
496 7179
2067 1495
388 6029
8110 1783
2190 2747
4519 6060
5173 701
6942 4458
5222 1001
10 5243
6504 7871
4000 1022
6699 8357
6202 5760
2566 2153
6347 8202
5181 4724
469 4218
919 1501
5263 2081
460 7112
7331 4558
7934 7456
3879 4246
3970 2048
7508 1541
7941 490
1963 3523
5244 98
8122 1604
7663 1830
5294 5110
689 4715
97 3395
2959 4250
5735 8199
7383 2788
8 2414
967 2916
4548 4327
5766 8397
5066 6538
5402 2039
8040 4374
162 6322
6023 1237
3625 6578
3105 7636
2890 3820
7115 1255
2477 4196
5406 245
3911 7702
8044 5074
2644 2358
5535 3456
4294 3764
7619 7911
5812 2728
6841 280
909 3465
6714 1762
1340 5206
2451 390
1532 1080
8275 3431
5871 5471
1821 7466
7904 514
5714 1350
2781 2490
7325 708
4612 29
1289 6997
1585 1247
2852 7192
8322 1349
5843 6312
4802 6791
6157 2224
6815 812
655 8114
5486 660
7775 2606
5149 2757
3589 7546
5522 195
2407 604
6617 985
7528 4789
7313 1087
2867 3366
2707 2195
783 6368
1384 7665
3474 1759
3694 6984
904 5679
6723 518
2066 7825
4669 4888
4296 7241
7538 4819
4945 1744
5667 5381
846 5532
6135 8054
2510 2400
2850 7035
6833 4192
3658 6586
6124 4704
4577 2996
7101 8332
784 163
4707 5548
2219 1677
3932 1280
7631 129
7746 7874
2246 7324
6520 3478
5554 4461
5851 2842
3799 7098
1857 1799
4079 3627
4507 6018
4624 4447
5214 3112
2179 2185
1190 7529
4673 7815
3938 7143
2065 2160
3983 8171
2026 751
7843 3963
4815 4177
7774 5568
7447 6271
4022 3581
6095 667
998 6099
6737 4273
3547 2033
3618 7987
5101 8021
3480 2271
6119 721
4037 4625
5420 2180
6634 3610
4844 7687
6108 4158
5199 6521
3674 7682
5370 2526
6004 4141
5673 8059
1455 7906
2118 8077
2787 1027
1012 3809
5795 6014
2080 6807
1599 5678
3013 5687
7836 706
1755 1165
1954 3433
2481 6011
3640 7913
2643 7957
5825 6487
3582 6357
3755 600
6242 7755
3152 8041
6468 872
801 1796
1205 4907
1985 4748
4652 6428
73 5219
6991 6041
7119 6125
7826 5661
6721 6890
6865 3573
8278 5386
4178 7650
3998 7753
391 5775
2121 3213
6809 6314
7059 5487
5946 5392
2471 580
4449 8479
5211 7368
5012 4938
7740 5327
8055 8428
6342 6650
2050 5089
7983 2062
419 1268
4462 1046
8334 3294
4723 1320
5203 4526
351 2001
8293 4016
6288 610
8009 7993
7275 1223
2183 5863
7852 2868
6696 1579
7637 816
2505 2576
682 7121
8167 6643
4678 6187
7990 7221
743 752
6956 3281
1042 8445
3109 916
7541 2166
3872 1926
184 6461
4398 6948
5360 5218
8375 5272
7613 153
499 4775
7477 3566
5555 4095
3810 4440
3398 6196
4235 4421
5880 292
2990 6535
