455 3139
2700 2057
2939 872
475 2184
2772 2755
2669 2578
2587 89
1361 2312
2059 2715
2899 2914
2256 1228
1377 352
2140 459
2017 954
559 2871
1941 1021
2072 2802
3062 552
63 1097
1463 2300
3025 2966
320 2954
1026 558
2732 179
2318 1962
50 52
1548 314
2224 733
2443 2664
1918 70
2851 2624
2510 2614
1030 2799
411 2544
2482 3079
1348 1432
2595 2658
1656 495
1868 2490
2416 2408
367 2340
2390 2367
2355 2661
1815 1460
2774 2083
469 778
791 258
2150 1520
1809 2865
1198 2613
2590 1489
1916 1645
3119 3113
200 1289
119 1173
2563 728
2101 2667
1804 268
69 146
2405 2962
906 1111
218 2945
2791 2803
2525 2136
1470 2119
1914 1062
2798 1032
1808 646
2124 2783
1947 2478
1417 2205
1582 44
1843 865
1338 1727
599 339
2189 1719
1856 2069
763 2496
192 974
1577 19
634 486
905 1172
1209 1720
1292 3013
2816 2053
209 2257
829 272
2264 677
2065 191
1549 1063
350 1101
1892 237
2067 1219
1422 2192
1416 1692
1336 827
2090 1379
2283 330
2785 1722
2995 2730
140 2912
2469 499
2963 2885
1195 59
276 520
890 2435
1044 640
1396 2760
2733 2275
3089 3065
2221 2271
1641 738
653 1095
405 1511
2977 1578
2792 183
768 211
729 1437
23 1452
1823 2027
3040 3050
841 137
2040 1004
300 2441
116 2149
1020 2477
93 2827
720 2882
1979 2303
2619 358
1631 1596
2606 1197
1353 1261
1170 2151
2756 1992
1508 2741
794 2502
1131 2125
1849 862
1509 1768
2473 130
1043 2356
155 1168
3052 2465
843 834
2460 2080
55 882
2620 124
2138 2528
1414 2245
672 2094
847 1997
326 808
1440 780
2609 628
138 565
2409 994
2494 2213
2415 1778
496 1747
2576 3043
2533 979
1035 1522
3015 307
2310 2270
1383 524
1686 2037
2246 1064
2878 2753
2483 2932
622 3045
2918 122
308 629
2295 760
336 2750
805 3014
498 2529
1300 2422
883 3067
922 1751
2943 989
896 3028
2920 1928
2042 1150
2193 2922
381 1786
1885 638
1051 595
737 3003
1876 1900
2327 1630
673 212
2896 999
2610 933
2417 3124
2605 1089
2597 230
403 1592
472 2651
1610 447
2107 182
152 37
2505 2272
589 1165
773 556
2679 1171
3002 2273
1250 1912
615 1861
2102 2501
2591 2346
878 2120
1534 68
162 1980
987 1882
2032 592
327 1600
2902 1249
2538 1651
2374 1085
765 2903
1001 1018
2721 1537
1084 111
2940 1896
1800 957
3072 1659
1441 323
1910 2316
2014 586
3038 1733
2342 1972
1574 2980
1583 1488
2099 1796
1186 2608
1845 2299
723 1948
537 141
294 442
1828 1627
867 121
915 2702
223 800
201 3111
3138 531
2748 613
1311 826
3012 1924
2941 3055
2887 3087
1634 2642
340 1185
1869 2001
2797 620
39 2425
1058 456
1343 11
1898 242
1091 705
1322 1167
1019 466
1650 2935
253 2955
2366 1535
748 522
984 645
2781 2161
992 261
117 3070
2654 2174
2135 2968
2341 3024
2233 1724
2347 228
583 2206
1925 270
1217 741
1053 2751
2112 1767
952 2564
1442 1784
2567 573
787 1790
3041 2084
445 3056
366 2461
2170 1604
1302 1229
1787 2
1683 1877
360 1588
903 1427
1118 1235
1046 976
2406 262
1565 2085
2554 392
2779 945
1014 1931
1213 928
1685 2622
1038 1568
918 1993
3126 2964
557 2764
2110 248
1301 2074
1445 753
1410 1929
1905 1904
1909 1259
1870 1446
2208 2937
1772 316
2446 1674
1306 2217
2873 2749
1159 1203
1552 2521
2999 3116
1844 1591
3081 2105
2884 735
830 2840
1365 3128
667 313
1906 859
3137 627
1238 2553
408 264
1483 2677
473 692
2560 675
2623 433
2121 519
2527 1456
1161 636
1893 1252
3082 461
2063 2274
2215 1246
2467 1408
863 2400
2516 2668
1735 1764
1965 1218
2695 74
2844 594
423 2358
1314 43
2474 1078
900 47
2716 2842
1227 2002
1247 2888
1254 553
1164 2777
2368 2095
1490 632
1274 1765
855 2278
782 2263
2630 665
2869 1653
199 2637
796 1290
845 2557
877 2427
2218 2863
2329 1829
391 3123
2326 1789
1996 1690
235 511
1795 1128
1699 170
2588 430
1362 196
909 435
1358 1718
849 1978
2747 828
479 1782
1073 836
2655 1308
1487 2013
795 1835
2290 2177
1797 1695
173 444
2055 664
2491 2251
786 2859
451 1380
2047 1357
506 1394
2197 2058
2484 1230
1436 1647
792 1359
2049 1248
1205 2454
1933 868
726 541
398 2025
2670 290
1680 1704
1562 413
2956 2126
1320 684
2255 2761
975 1109
144 477
1145 2038
3059 2382
2401 1105
1527 1706
296 2194
831 13
1267 2269
1187 2583
1836 1478
2178 1216
2867 322
662 1769
3068 1573
1328 128
1144 641
62 1484
1364 607
1140 1087
1629 485
48 820
731 1736
2444 965
1273 158
579 2687
656 991
709 160
1737 1466
2652 1202
1303 2971
2807 2919
1580 54
1113 687
1606 1494
2420 2512
282 1473
2643 2229
3136 25
2054 2279
2646 98
1192 2345
2970 2735
299 20
