237 51386
25212 24421
21884 43529
46934 24037
41618 29136
34511 13759
5038 299
25489 3681
2839 48933
25071 35401
22327 27192
42183 9048
9855 19407
7224 2270
4138 44014
13849 22416
40413 2806
29235 47277
17245 48520
14459 30698
21987 12302
10894 24508
43980 10369
47864 44814
39553 38731
5671 11418
44785 23494
39204 6411
29697 23
27261 29960
33540 20663
6204 14681
425 46978
19538 18954
46889 28509
25354 19607
17343 25057
19796 21934
41356 17187
13765 43766
24027 24768
22064 16559
22768 18328
9873 47960
23968 25131
13618 27015
44544 39577
30438 39461
21333 50323
37928 20093
22521 9082
21622 20944
8033 45679
23840 16609
37739 35339
26396 33478
117 30942
25675 25695
3410 45355
35565 38817
35577 10239
20411 25335
29016 26468
48921 14350
39397 25643
16233 4111
42017 37203
37453 7647
45657 39573
41304 25599
25752 42847
30420 7742
15501 2810
23974 41625
21950 35730
20800 38992
31406 16320
72 20469
41818 9033
48528 6213
824 34559
37309 49011
36113 15889
20125 16122
41404 43870
7093 37828
11591 9675
42521 14371
952 13110
31165 50186
12965 16955
17257 19898
40686 30993
23790 16185
25445 48030
47356 45629
12897 48179
15455 15725
26522 8464
20269 4199
3726 43114
723 13310
10944 48088
30756 33201
21971 36544
3655 42223
2828 37186
33920 44909
16891 32236
14982 4574
48421 37920
21619 2986
20327 34562
38771 30343
32836 31659
47301 45883
27155 5943
23982 48039
18362 32768
8091 33414
39130 29412
42109 36078
15909 44666
27551 16555
40394 16269
25902 32646
49034 32707
22224 9889
24310 25530
32137 34345
41626 39847
23727 28104
3931 35058
21520 15036
12983 13141
34811 40996
11182 46727
51220 19247
33579 20706
28697 23010
6751 40183
9099 16727
24706 42033
31037 38841
21510 47980
7392 45235
42258 13887
37584 12032
23293 36663
40595 1222
9395 9304
13961 8022
16035 13004
24797 7000
27793 31304
27033 41753
22882 38047
10013 37264
32828 39433
33111 38566
36047 12765
42222 37600
4588 46763
1150 40345
46690 18864
26581 19061
19823 51129
20710 16362
39176 29137
27858 27217
11464 20257
30819 45624
23258 49239
36854 38808
38356 37850
24174 50411
49051 6241
34466 48832
10452 31617
16582 7466
50878 7440
8047 51288
12231 39588
39430 19414
32070 22276
25686 39974
26684 25619
1133 22931
4743 47897
804 21573
6796 12853
17388 41914
18102 1731
24265 29292
22104 26129
8852 35699
10864 30552
50927 12598
16608 553
444 16604
42475 2841
42250 46024
38236 34855
1013 22892
27934 45623
16481 24926
49847 39921
10309 31642
18659 14531
50607 12932
39903 43802
19323 530
281 27252
12061 4117
8267 35916
16068 40035
16174 19740
3963 30297
21777 3290
46645 32440
27988 8900
49911 45275
30812 13582
43210 50362
4247 47545
12699 21117
28715 1081
3492 49341
24974 49453
1625 25629
8991 37288
28095 11278
23831 1201
36370 24600
2069 13516
3031 7498
16650 33320
10741 31120
