327 70142
50442 11113
18842 17407
51365 14130
35834 19847
28282 55920
51587 55522
49478 52790
6473 18740
43186 46461
47526 27568
64746 53706
8939 69099
50260 33452
43316 28729
50324 9019
64509 49465
6252 21595
7766 5787
30101 37015
64290 59608
34664 50334
66691 35365
22595 7969
25815 23040
51309 42282
13721 68387
32842 32697
64070 1029
49039 631
57952 69945
64598 8146
14733 39372
58776 50429
33391 36235
56626 11511
55674 65433
8332 43772
65197 64943
39090 12328
5939 20170
28402 28083
51010 49862
49292 62597
68006 58382
59922 28759
41588 57448
50727 9991
57370 26187
14560 53046
26942 26172
38932 45682
8578 31484
59348 12599
9095 21330
29118 15998
66044 28521
17972 47335
66659 51655
16319 16452
35478 20316
19795 23194
18501 13927
53957 44858
37766 64889
60319 27356
19000 6897
35483 55567
16017 28858
14167 25883
28332 29134
24177 7215
57023 1070
48869 37051
32113 69933
34897 39068
1379 21819
42661 33594
3903 15198
43919 42054
33279 22596
12940 42483
64260 2164
13289 57560
55219 4956
16016 56612
10240 25070
24332 50315
44025 48966
34525 8589
43436 64252
13323 6246
37376 17307
5413 10184
17545 32552
7453 50750
36738 14090
50780 35878
54020 22133
8318 2103
7715 57494
42369 36070
36774 15101
22624 62477
67598 24991
65407 27995
7756 69523
7615 47701
68114 4687
41974 857
44755 49729
69514 65971
55832 30780
2908 50404
32967 37686
26990 29607
2696 36476
33491 17056
50275 63569
59008 31733
16549 19572
2688 49439
13889 5573
55192 40529
31117 26079
8744 40517
64166 4211
14054 5506
37137 17205
56496 39568
42234 21268
19014 6153
31161 37675
66940 4659
62336 58410
58321 2323
52940 5434
28602 69686
55172 20392
16727 420
3484 40096
765 64651
31709 22000
2169 15783
1083 3509
3157 48213
3210 12198
12811 61140
29793 28609
45463 66508
7626 18393
28799 56376
33161 20869
29795 18934
40770 1450
34556 18724
66381 63027
7129 747
22815 48653
17542 53297
65848 10496
8210 4762
56369 1906
51439 24871
45641 52760
25367 70016
34466 40812
67346 80
11794 64034
68656 56379
8049 59961
53381 7420
56553 38732
58458 3811
7096 38830
42209 65543
22438 6050
20407 40423
22164 49032
8328 68531
29250 899
68506 37178
54741 1847
15482 69864
2562 46181
47214 4975
27970 49703
59121 68976
63695 68719
13793 64106
60914 18484
2874 23516
28706 3717
64771 18099
43536 62237
3351 10074
46647 7219
54603 55160
41730 7429
377 58315
23168 34528
16773 28764
52909 40420
4720 49634
66995 33117
31810 3997
1358 27168
16855 20160
22392 59699
27827 36156
54177 25689
4487 27257
58191 57077
50314 67689
25676 23085
47489 14650
68654 39801
45426 22956
30680 55757
45158 19357
45823 39559
27054 68627
1122 2639
35533 1803
47835 63799
69147 50630
27158 49355
49113 14346
15715 49301
53738 51217
27228 21698
34617 12384
51475 28951
11840 58456
38832 6393
55666 68793
44540 36755
52488 52923
67448 22970
20797 33251
44182 65470
61371 41088
57165 54052
67074 43160
23857 66196
60707 28533
21960 611
38447 31700
66914 35856
33936 25513
37884 8299
27340 58537
30798 66189
30760 15953
33343 42414
43699 36714
13941 58138
20620 34874
13724 23671
25385 56269
9466 56991
67208 22322
44790 69990
59320 34624
56661 4438
7217 2743
52019 67161
41755 63886
16365 57768
39449 34612
5524 9437
40697 67824
68367 59104
15328 40584
23762 10466
45018 9961
10156 52015
60005 8927
11465 42201
13443 66441
19778 52494
30979 66664
3781 15035
28434 58681
58085 4094
10465 21327
16311 61443
11205 19138
15515 56670
7936 62704
56905 57139
6930 51499
52533 25874
2262 43809
21218 4282
47448 44435
61161 22207
21543 63737
28994 53825
10507 24792
42139 46050
43164 20503
38488 51083
57959 15220
25965 54134
56819 41722
68231 57862
9037 22543
60638 28294
57052 7057
15724 21706
42962 58906
49899 27899
46756 16721
39740 45239
25605 9271
41151 27139
6386 3042
41449 69937
57334 22464
41374 2644
37013 13495
49400 31649
62625 19954
38547 62281
108 61538
27041 25687
56151 42196
