196 39355
2176 8470
12321 22730
3014 14389
9594 16540
26079 29630
11594 30024
31754 16755
14951 15283
23106 21426
15293 22749
20767 18498
28718 4020
13475 10347
33330 5903
10459 18565
27329 11940
8471 39252
15313 2351
28427 9112
20262 8706
21111 36741
15072 31977
6249 7248
32214 4199
14546 33414
7814 1283
3279 15796
427 20319
23804 19002
26015 21986
34651 554
2523 15962
32622 22812
7541 33530
340 21323
6175 35503
14226 3352
5437 4003
8747 9325
2687 34762
6595 37171
31013 27616
35617 37517
998 19132
21086 12229
34113 35935
28918 1338
3679 4433
17259 1834
38190 16457
28170 17832
28116 7756
1820 8426
18237 12988
31845 2348
10907 38059
30310 23586
7307 22364
9742 27213
2742 9300
14578 14785
24262 15022
6033 23195
2185 25952
3776 36721
7481 13724
33244 19061
9337 10758
4212 29683
21196 37770
2905 9998
860 7366
17731 25921
2721 32731
34981 16851
2498 16049
4037 34132
29821 22259
23384 20570
12520 631
37236 25731
37878 29699
11692 31111
31669 37221
2290 1188
33621 6125
18587 25934
18143 4066
33084 28985
3810 31708
27763 24825
11475 25215
16297 3777
32816 18812
32349 6416
24670 5571
5342 1162
35914 33120
32966 21970
7692 33740
36670 8612
32963 25473
1855 33871
21838 10801
18373 25272
31370 30140
36501 908
8070 32577
15308 23207
5760 14084
21747 26697
14853 15869
30833 38600
23770 33978
15549 9492
3780 22004
35369 28208
22326 1787
1080 24837
13667 39107
33925 1495
33737 13874
8879 35969
20885 6807
30621 6974
39335 4169
28717 22857
22042 15378
8135 9635
4115 25104
19684 13313
31082 22865
38984 9290
2754 27924
36248 34988
17686 9039
4699 4515
9863 9662
35529 26565
4200 29581
27737 31012
6872 15922
15968 15975
30717 4082
6528 15804
24518 6699
27966 15055
22026 6431
37099 34149
33478 29192
14016 10025
196 22917
3393 31110
28694 22600
5028 2149
5089 38180
16536 37888
30695 20081
31204 9623
26386 34349
12500 10557
30904 32647
32394 38232
36390 23980
12720 24190
10272 5774
18639 16874
2113 9233
20606 25107
15393 22869
38313 20736
35783 2487
6897 18747
16087 14145
38956 28018
37508 4423
9128 24682
34927 28456
27560 35780
4183 31517
22825 5476
7173 34221
28714 8537
21738 24481
14511 1625
6032 6218
31876 12067
15428 18685
28825 680
16234 17856
6843 38560
19789 1274
14454 28097
38882 17007
814 20111
16735 25267
