684 53521
35011 17522
43725 48853
9418 1194
50667 4391
33708 36104
51458 46072
13206 38339
1509 40109
45816 18865
11351 48406
19857 27194
48942 16889
2735 17862
27730 14385
22032 47680
26927 43723
49883 26593
47832 53342
46837 29675
35144 17607
30745 47839
41252 24097
28167 18000
50110 5327
17485 52615
35085 25339
11046 45237
6705 6461
36055 43709
38876 20670
43518 25393
24478 41721
38816 32112
24117 4443
13072 75
47177 9566
37292 3982
23869 18502
13705 24770
30707 36600
51572 51338
17721 12773
49860 5905
16395 2347
12046 26080
2811 41895
18756 38052
14195 18101
7485 32255
251 33718
22049 32821
9663 9421
23863 51436
6165 24283
38479 48160
17493 21456
51144 39007
11124 33789
28897 46330
50718 18809
53319 8585
6649 49836
26182 31457
16747 52884
46005 18083
19025 5994
50826 3052
50247 9636
4974 53078
18 13365
9691 28841
26313 32284
9127 15711
40191 39561
35138 41953
45859 35384
4229 49822
50423 50906
33303 14308
27769 41399
30385 52123
11215 21896
10172 42171
23058 14400
45221 31446
33518 28034
6739 10627
9405 43055
32924 10703
52594 28186
18811 35767
18890 35246
5553 732
22022 6702
2980 34158
19161 46232
9175 23073
15141 46189
44196 4494
20623 8883
52443 50633
5205 2582
19319 38187
43821 39632
17863 52303
44914 18698
33787 19095
17268 17612
6396 25443
5159 47949
9749 20582
16199 42261
5212 49537
9871 15808
7291 27880
51169 45288
47166 44555
25873 45829
53451 25417
41165 27558
4456 52630
15129 7177
1765 52313
31242 50594
41416 31537
23318 26917
46495 39499
18045 45747
11940 26339
36729 32191
32288 32626
8885 16197
6039 933
51510 4631
34383 44224
7627 38347
35234 11844
14465 23696
51327 39777
33388 29743
11596 1907
46366 26278
294 22974
47175 16439
44203 27317
18518 14091
44337 14752
31928 45123
42032 17329
30165 28667
1458 11132
39368 41104
29048 16309
52309 27885
4454 25610
39013 38172
49618 1767
49280 33150
30714 46507
6098 38616
47729 23405
5045 17786
1959 33856
8504 19151
1824 31868
3411 10528
52465 30568
21957 42165
30130 48592
23988 51479
24735 50943
7542 52731
52063 42222
21042 15252
21727 15967
34967 45481
7300 5948
4905 40696
22095 48123
17030 25006
24103 11369
30233 10204
45098 31094
51987 35059
31147 19232
49306 24849
4043 12819
20178 46667
22324 18873
52579 42843
3162 11733
32556 46405
21323 46300
23145 6077
10161 51289
48484 30635
51182 18136
32298 40928
34844 45239
4734 26858
16411 1500
51854 35066
8141 10102
38752 43126
28266 50025
42245 46961
16487 24086
50699 28397
53285 25284
4137 15380
43562 9160
40597 13712
33725 25509
5947 24982
14157 31015
40099 38377
1647 13902
41419 4288
39275 31606
20057 47762
28861 52721
24529 613
39170 13554
26536 24547
49355 708
17904 6097
24694 15634
1677 39234
41688 52725
23664 17760
36408 51722
18472 39062
34510 48653
27729 41764
19579 52602
39035 32965
1520 7105
33428 34669
33869 38688
7814 4995
6127 15838
52577 4145
43989 39639
5831 28774
25521 26413
47955 23949
30147 33201
16513 9199
9483 27334
23051 39178
38992 47348
20300 27540
34059 34972
31486 21696
46295 17949
53327 727
48245 23217
23108 1403
9130 24632
43878 10683
25617 42128
967 48823
35313 9317
45382 12726
6310 43229
19384 46859
28778 20690
40987 13943
13803 33953
26322 11900
45687 4807
37567 51171
33631 8088
49009 916
23367 41054
28520 6275
1841 34745
10151 13941
48413 9406
25003 6644
46367 37581
3190 50517
31905 35658
20791 19140
42723 37602
12279 2844
30375 30676
26543 47655
43697 31371
39648 24699
26389 7733
52158 18125
40155 44499
20785 25416
32356 906
2792 20342
11748 5802
47536 5738
51650 50741
6537 10823
22820 22280
704 23546
45700 13775
14171 12053
20672 5092
9297 50017
43731 172
25486 48561
35703 45497
26110 52036
30445 6587
17799 6052
43098 12042
20857 13307
31079 26015
42382 20885
690 41002
27743 41522
27819 45223
17759 28914
17958 11534
23393 24860
22372 25880
31862 19621
52455 26469
53024 19987
39341 3386
19401 35382
1319 15467
35842 17796
41334 22131
27138 22909
25501 44030
34715 48229
1673 23954
5040 12654
8128 10940
6168 20318
42783 42152
49412 14005
5130 19508
9452 42010
19900 26171
52046 11125
42412 20957
6903 41883
10246 12407
12794 30444
19009 44734
1423 6540
49616 48627
2290 53422
50294 33941
36201 16362
33793 33656
47315 10677
17757 2392
36703 26611
836 35099
6179 11708
31519 16149
16892 43557
38353 33868
31504 40749
17903 25318
26877 39506
4455 9832
29270 36851
23410 39653
29340 5965
4874 5808
49492 47689
24105 9281
47950 29276
10342 48894
32772 51216
47547 30247
15520 11202
18744 11268
49727 32990
4517 3197
42836 18487
32784 1652
20894 49025
10175 52318
46052 19842
27533 44736
9164 23072
21015 8333
12889 47694
28596 29761
24018 48529
14690 43043
39212 25676
46904 22040
52213 32120
29107 26526
42093 40818
32 43054
23780 14469
28195 10033
39759 37565
12272 5360
38459 24675
44508 43928
13823 32796
21004 26294
40551 13611
39676 45407
1726 20210
35034 20910
17137 22085
22712 11084
40243 7420
46990 11583
14667 36312
16741 25013
45866 46455
23339 45564
19552 18684
42123 53188
40095 39480
12164 18874
38580 23085
22453 37711
40668 14263
43616 15116
44932 18471
8952 41710
4042 49123
22965 37297
18236 20411
48733 29136
10579 37799
27770 15150
870 30515
51469 39022
14422 7740
42399 41020
14541 23197
24349 15092
16906 33719
53095 32980
40173 16034
50328 17344
49714 24292
21509 46575
36673 38163
12953 17564
11660 20380
36877 24587
22778 34236
19762 21072
1169 2418
19451 17902
51552 44015
6347 10531
8396 19079
14605 50412
14516 21873
4272 31180
10782 52790
50493 338
4600 35797
6547 5032
43478 1917
6262 31187
29234 53507
19836 50716
19051 4925
26090 23487
49358 43121
14275 13177
9464 12587
17844 25149
24394 19616
21965 10384
42729 46652
15145 43398
29161 17632
40121 13215
45589 12909
19939 41561
35893 33632
47860 11045
22357 46579
52623 34202
18129 36545
6771 14583
48513 46215
51909 9378
3233 9792
12210 46169
33482 43635
21711 4078
38012 43092
49624 47218
9902 8799
22017 11577
30646 31770
31909 50556
49414 39165
2195 44403
31938 15796
53235 15384
8109 15600
5477 37662
10205 24415
21125 13280
28638 13474
13437 39885
49395 51876
20187 6985
52338 9460
5288 34913
48198 1845
6327 1566
25673 23226
5567 10590
50815 48139
2859 13240
15768 20140
18336 45381
10651 38917
6794 50632
48713 47904
37857 17308
27507 32189
8443 30055
46176 30731
27939 3454
32901 20451
41010 52450
30812 7919
47711 6341
33290 48938
27278 47492
5114 34365
44573 16394
7857 11399
25675 20998
5622 3047
23814 37671
25249 23380
37762 2004
2953 15561
17554 9197
27733 1462
21334 12020
14212 25789
9120 40531
14683 8200
1002 39854
52754 5037
39769 32259
3201 44234
22132 42996
12728 12293
11056 38403
6482 42810
21743 45189
10920 24822
20659 1948
361 1487
34858 6851
49682 41049
29606 15794
1497 8014
50932 39454
36903 43792
46322 1293
19614 26934
3358 40066
31408 370
7210 45984
28646 51449
35345 8009
48532 37068
3638 26810
28220 26673
27256 26000
10559 26657
210 10030
30112 22170
26937 22439
45593 23701
38591 20427
26549 4423
35916 13025
40203 369
50353 23300
24052 11393
17696 38839
36922 2617
1613 48368
51536 5564
28994 34046
19962 36923
36444 8884
46350 24875
26692 27467
3751 7251
52127 41853
43090 25954
13819 7314
18838 11180
39796 38009
23635 24796
6627 5187
18761 26923
36701 4897
1051 31688
21258 5919
24949 43934
14586 25286
46674 31360
18647 5548
49277 3242
3091 34670
10529 43223
38686 41041
42253 23412
16908 21521
36344 32902
1620 31571
48908 21793
52440 33336
16618 26861
4015 7019
26816 34348
44112 12966
21164 43758
18268 53147
37638 14419
25323 26169
15941 36996
523 12707
32238 7384
45893 16040
16464 10796
6720 53323
40606 51057
20218 6983
21409 6630
4271 52400
25147 10771
41353 5827
22028 18054
9026 22957
41154 17119
8383 15348
47302 12325
19572 31212
6183 13399
29852 47222
33756 34720
19611 25719
21657 34506
7235 47235
24044 16781
33425 27779
19830 3797
37676 23732
7709 15821
27209 36672
28297 34321
36648 17057
23784 12913
14172 12413
3635 45254
3654 46413
5042 52097
5583 15683
47781 46275
20141 6512
18170 44609
31755 24197
42477 14123
20049 23855
19100 52593
27531 11210
15272 21768
3676 48726
52043 50686
