956 97287
84691 13232
5253 42094
52050 69567
53495 61075
42222 77483
9101 94338
65317 50650
71139 11955
27651 96613
81241 2139
9865 80618
61248 67071
53539 91875
77301 89263
17055 93333
8416 20955
54376 96324
24902 23558
10244 19433
18314 96321
20721 31220
76612 79896
93899 74528
30476 58551
79234 47647
35712 6746
54480 3095
93741 586
16724 70972
75344 39081
48823 66351
68926 31536
45984 21286
89059 8963
52826 86285
25768 86429
84748 74512
67555 55516
44988 3253
7190 33989
1539 16852
60874 48569
90393 91228
87790 67873
92341 1095
81960 47758
56347 49573
80814 78953
26317 75264
55018 86866
97182 63256
56366 52135
29696 62345
30511 76595
36011 50190
33282 48861
31 49767
79408 38995
41649 41101
60584 96933
49250 94040
61375 88250
60495 89177
24031 71811
68135 89806
16479 93218
24062 33467
54032 90205
69045 6917
29227 91256
82582 35070
68776 83115
7024 49348
38332 29744
79594 36467
58015 46570
42956 48576
60752 9305
81912 13983
18133 5232
17887 95296
24514 65314
93234 91219
7355 6890
85620 53824
86820 71038
65319 77085
67481 67027
57546 53597
87786 55077
45315 19188
34855 68765
87706 57842
32131 8923
70017 26816
82476 35802
17956 92409
82043 87326
73344 93190
71942 56257
39607 215
85753 72069
8875 78449
45442 79190
16606 45512
82545 26061
47628 70117
23455 37846
78898 5500
52286 33966
53986 18225
62019 58150
26366 62333
5823 23637
42574 37222
11058 84244
88646 27330
33182 38311
65274 60349
51721 4767
39422 33644
44530 32238
89789 54919
79630 93687
47898 79806
12215 92938
59756 12672
75296 85212
39488 9679
69363 87078
11316 32014
85495 69032
43140 54058
56516 36550
38153 80546
88908 97252
5274 79847
89392 81580
87884 61450
50140 61660
37037 44395
36259 34238
25007 68092
36278 46913
67017 7082
71363 73616
22166 80540
63264 77024
47964 47909
79914 24299
78011 32381
60931 17003
31944 72501
68996 26680
73374 23477
15711 3710
38416 22357
16074 12453
43789 7191
52057 36657
66079 86770
88320 25161
53666 13457
96340 81586
22813 72000
60078 76663
28581 14297
27334 74104
86677 69508
4081 82906
10321 62617
85322 69740
44332 92727
87416 96603
77510 23369
11034 62595
57440 79680
37931 29627
54304 47880
22170 94059
96993 93669
39459 29807
47680 14459
9641 11095
41502 85022
74611 30679
50691 29205
59118 43995
4154 1600
13762 94728
86193 50656
73197 52843
4819 12776
51957 76322
34764 73692
51404 48047
91279 6869
94168 56012
37452 45099
25851 84243
41162 16037
21010 48105
93668 29984
37913 89953
67644 33838
85496 70495
69926 86687
11885 83084
95619 13703
33716 43913
43523 31343
93593 10306
95286 96770
50606 79040
82597 37148
20466 15340
78720 51476
92365 76694
42789 74414
9737 36464
2699 34631
60092 40466
86957 42591
48255 52073
54315 64280
52741 4519
36538 59366
44516 57679
42571 12238
50168 47732
87599 31279
33675 96979
48166 46592
5940 95009
55074 8262
28244 46518
42618 55871
96115 64583
69941 42637
10000 33495
32257 19533
64023 44857
26806 75328
13187 11591
97249 32858
86565 39454
10753 72031
66515 80933
18481 27890
5542 19071
71424 6439
86913 61964
85154 72883
59139 55503
38061 66142
88503 14961
65407 15570
57990 11643
78560 21414
95237 59373
52538 54125
63925 46831
5936 54335
37683 51345
61419 30043
11661 93540
28691 22335
68540 61057
90574 783
86404 46547
79231 761
91801 62886
86351 70905
2177 79061
50992 93425
16151 77609
8938 35387
86791 94739
66817 90216
31810 2668
90049 70063
10279 28978
75350 26719
19127 75810
68850 75028
41148 35165
20331 92580
95822 64999
67822 95918
16755 75604
88471 63791
28913 97038
56828 1507
82114 76082
95650 60147
62086 45522
76463 84792
65604 76480
75358 39826
88124 18231
2897 21161
15903 53097
47674 71299
14238 15528
77620 59220
60442 12831
10021 55591
94859 49516
54145 71780
46438 10794
72713 7760
25920 74535
65501 17904
93617 49064
82722 84154
58561 26408
1763 45558
86208 75468
17895 32626
30543 92108
81606 74942
39822 35259
34917 96900
59212 93478
6878 73066
94504 52720
82567 37818
16499 91290
78473 26550
40375 48209
46477 31039
66978 72665
49376 60930
36922 14617
34851 30555
63507 62551
11252 29790
5869 70319
36284 34602
1741 79326
77481 10593
983 56543
30651 48624
18764 74627
18368 87894
9673 57853
43353 58228
83193 52707
53942 21181
8591 33298
50066 27069
63306 54868
1884 13822
12580 36040
19679 51211
31850 29523
34343 45316
8006 21422
40127 36107
52627 10775
12291 90852
39624 65122
53884 14577
92299 47108
96954 60667
50688 13751
2383 46076
68803 46327
87887 2
39923 8640
9814 76169
4567 56613
82506 77494
24846 7318
76486 55682
29163 9603
49733 95281
61617 93748
49236 51720
41876 13344
86642 27389
96323 47948
60878 2128
1809 7481
49796 17278
19910 25993
91243 85993
49544 4738
1061 59229
30127 87396
28251 85493
51533 47662
70924 81291
32338 82153
52259 50803
58825 10939
92447 63671
10787 88487
74432 11866
30884 57043
851 82299
12504 63079
53982 31027
74802 72651
315 62487
75295 19579
88860 41543
81085 78247
81213 22899
34048 83425
45480 19353
30224 28275
73280 26926
86908 82163
15289 83313
44729 22590
51313 68229
80742 71446
47813 6452
30636 82544
89778 60275
10865 84376
43618 246
42301 77821
59159 32824
61851 32217
34005 36485
26197 48564
46901 96382
8327 17382
56759 84888
26428 64525
29432 62036
19730 55495
43280 38234
48098 30113
84919 9528
69392 50074
31090 72705
30298 73560
52680 61216
9439 28345
35192 88969
95280 77338
65201 86548
43933 7314
13804 5746
15123 60605
9935 63781
96187 69293
37399 38812
35548 39078
95845 37256
78888 66366
51572 36028
74428 43856
94761 46633
86658 19649
89568 78577
78755 62393
58308 48739
90473 7395
82742 88466
20664 4283
92019 52703
33960 88678
66116 41830
16218 33810
10464 26072
28672 46602
88700 67837
23219 95457
64492 39648
6176 4878
2414 11628
65412 29880
43672 85500
20369 60312
81103 44211
23767 4147
15651 73364
41241 5229
8202 16274
82235 8411
80196 34928
80027 97174
7601 29574
84577 24880
42307 71643
34701 4955
96657 35841
56182 38885
73076 47910
37793 47304
89342 46197
93971 38888
3496 29624
3610 83895
80276 67856
1446 66881
70163 85157
17529 77515
62872 70585
84339 39165
84157 92047
24750 95475
12301 59645
93963 24110
6407 15030
61949 75064
88001 31765
34894 89024
7549 46857
13157 92178
17650 84229
86402 32160
28021 76311
53909 85581
33626 81038
49541 9757
16076 53436
7186 11051
51831 46334
62474 3713
21786 32618
67028 30581
40271 77040
85068 16361
74082 32452
91375 13998
33194 31350
8229 51336
68069 77804
55684 67844
96435 68683
90958 34969
14338 95196
88056 85084
95115 5257
87791 93366
32235 47478
93652 18445
51012 82110
71708 49996
90783 17053
50306 12677
95684 65596
27920 62497
66489 50976
64481 68625
41266 64508
59334 21915
43121 21944
56922 94357
71466 51353
80982 34100
41762 92316
77633 87770
34266 75413
67014 81809
41174 85041
48621 60553
75251 15313
66584 44951
70242 65293
52481 94972
51257 62372
63487 75450
7028 6941
12341 2423
28380 28896
42986 2568
10131 19346
62769 101
19927 49247
73571 57535
29238 68973
81340 91617
1776 75967
70144 38687
33060 86796
22543 80679
10424 26933
58585 24504
48601 93074
611 16193
82957 66444
55362 65298
38024 32391
3921 93259
5930 43588
77289 45145
36377 29359
19425 17134
2887 76202
40684 87876
21795 84184
92602 44206
32489 45064
50493 71883
23803 48057
36105 22987
84068 79362
44379 32815
69251 63271
40935 52274
67393 15336
74058 90694
19557 39237
70637 80707
73544 58120
1149 67184
46526 5825
78104 84891
74864 76275
28843 33228
63795 21626
41974 48403
56315 5332
55469 17694
76578 5944
85834 88272
15594 4944
61521 60500
82034 53362
74843 87914
78102 65676
25237 5158
44612 90822
3138 29169
13997 35400
50420 22772
71947 68254
76042 23516
1916 75060
90957 89279
33079 49843
17441 1696
60065 62625
73404 37407
43682 30537
6282 11960
26280 58061
78784 2190
75231 67761
60018 38377
77783 8373
24351 72537
71819 94377
43356 47670
96781 15607
68793 19803
72356 76080
54386 7370
41228 15323
89272 89404
42461 71326
69440 54565
58656 29415
60662 26545
91626 83392
92398 50310
73938 20692
28923 68659
1425 3829
64410 84258
42230 58420
28766 43800
36924 33899
86649 59695
19546 16605
23707 36863
6629 29938
51841 62495
3448 68701
80144 81053
81384 36089
32582 13221
2526 38359
909 90841
19252 25429
40229 91570
18593 24859
7844 19207
92850 61210
87467 59941
47725 20848
88327 26246
87178 22830
68637 22976
81273 19604
55595 72764
85044 278
90993 14088
76657 55085
59221 15487
87716 61242
81711 48936
24043 234
68801 74538
36667 65575
95369 88572
51585 24695
20982 44702
72902 31198
90476 20050
38117 26872
13023 89737
66398 80893
93946 42247
82294 36857
94450 36936
34015 64607
67753 32443
94872 90600
12510 94916
53907 16027
76063 22852
54008 78179
7866 6380
9019 54213
60758 62481
65560 11114
16833 15947
72632 62080
65964 44002
52584 81872
17056 67140
63530 68611
73801 88280
31820 69893
30237 6177
16601 1047
40222 79650
41480 80059
91206 95085
3476 60084
94890 89826
53257 35460
41458 82451
77205 867
7652 57220
91134 78364
86056 8326
71169 13602
16026 75051
26781 39181
50762 5196
79196 51148
27455 38973
49469 86234
52403 80611
84006 17367
17131 89989
94122 91380
16519 47426
4188 75751
46322 66161
28792 91337
15226 79197
85729 9226
44069 43250
16402 33978
54520 43858
4821 94055
41910 76115
17468 34494
23320 85483
14945 24743
25980 38571
63180 89866
87053 18383
88258 73174
21889 12331
82842 26796
388 72600
29486 56826
31048 57136
94608 4050
54625 6732
70537 56585
25254 11730
13432 14949
67485 39216
62948 80462
58311 64536
108 17848
79637 8380
18503 88414
52250 15763
29508 490
64468 61368
59023 96385
95213 31707
1944 71961
33568 35898
5602 50180
84077 45285
63426 88264
25505 32307
68483 50035
50530 49225
83413 49915
39931 79019
90029 40298
17808 80545
79072 26290
35031 88724
45070 60695
67489 70917
71209 48849
45065 43138
94757 10679
42304 69441
21120 46310
8894 26127
39786 45156
72682 20630
96775 11604
58117 14508
83761 86166
88921 49287
31786 91171
23832 94056
79271 48845
31736 94206
37221 77913
60122 76341
82200 3254
2473 5218
85417 68667
79463 22968
88844 45146
20007 19357
32575 97043
18543 33841
34130 76686
35868 14750
64191 35369
33128 95315
47826 41068
32511 64056
57010 41276
15009 55078
4667 90990
51329 25427
9640 49059
46701 63587
14640 28234
43400 8260
44261 51300
19754 60671
8601 78050
33034 76344
79425 46593
85269 88221
96325 79528
3233 35714
78194 58662
44772 8193
3638 7077
23875 40991
148 27295
77265 42360
43151 33860
21150 69119
59917 91674
39584 69399
74593 25807
73895 23408
52017 32929
76472 3955
158 64452
30876 86376
17173 67244
31639 23013
38399 87225
94245 93040
29874 73642
9570 86807
16158 67269
46520 80482
22281 43253
77200 34943
30027 10294
79702 43559
35816 34262
29045 56983
23299 42069
10356 86773
20599 38694
51731 63643
57517 82280
87756 85028
68904 91739
42930 9404
49522 88667
67395 95858
82834 23745
49330 58746
35054 82142
66262 64962
36605 74614
24236 30718
89136 34720
8083 58205
3916 17270
13598 89275
22201 44923
60601 38493
55079 35972
63455 6088
84440 49480
67571 95285
64569 51285
11106 86475
52628 79269
5075 38841
37529 74293
12788 61664
38401 94965
69117 4439
73887 2489
83998 30284
42116 889
49214 4863
6556 56196
37664 6267
85011 28857
50047 13517
24114 81811
56170 39761
45055 50083
17628 57763
18446 22657
23670 31067
1624 34987
30425 63571
51130 95400
77778 76134
70246 76860
27765 60872
96227 21923
11597 42517
60236 14334
600 72517
62616 16389
78679 39449
52530 82211
16921 24928
37600 27500
48316 64835
50157 81086
51769 53940
71174 2649
28642 67591
