801 26749
227 12470
17067 2155
21058 7647
20766 22738
15231 7659
18081 26568
25550 21041
20213 17537
8359 9507
10553 19534
7431 12133
17142 11643
6107 19306
5024 122
18553 16222
7197 8188
12102 12223
21054 8414
1226 22398
8788 12880
1569 20177
7657 12234
23602 19958
24125 15078
3652 11592
16752 11088
2343 13238
5211 11548
1551 12158
5496 13944
22466 16047
15267 19510
11597 21575
7425 8546
18951 2284
4644 8071
25751 3274
16331 13059
563 19685
8987 9017
8783 18954
7289 20377
13906 20065
108 13746
18542 17529
24423 21405
8844 19215
14823 13451
12874 11490
8460 28
3815 16369
18421 6009
8147 19410
1836 13053
15498 1274
2607 5624
2717 7860
718 14778
13434 19814
22255 19472
673 25285
9720 1967
18476 26501
1243 3514
11638 21752
25592 23358
13717 2168
18029 22131
5214 24093
828 24565
15907 22533
12760 16435
12173 11762
7718 5275
7662 26393
7072 4552
12330 3865
3452 15272
14866 5438
22951 7334
144 23361
24442 2792
5225 22427
2736 22589
25297 16506
8553 8897
9659 2544
4657 17418
12844 15536
15287 13041
1505 11622
23147 4715
11006 11849
23310 1142
24956 10844
2936 6582
12447 25885
6939 6929
6293 9870
2010 21822
20915 6548
1495 7926
16147 14369
19877 14658
26525 12876
3012 15123
25984 12059
23734 11605
22080 20802
4609 15239
16308 5611
7351 21810
20785 3300
12496 1970
18008 21581
17158 10764
26017 15676
3098 17389
12394 15767
25055 26195
14443 8202
12918 18147
24000 25044
14247 22468
3797 20077
16096 24398
9746 6369
6435 6885
9731 9280
14122 9350
20829 11547
24503 3833
9520 5459
9563 24244
1999 10385
12481 2894
13681 8055
203 12336
21340 26683
11214 11034
3709 25505
26098 21884
15905 9202
23862 26488
9159 15038
3821 1055
11432 9352
25962 2571
10367 631
5142 9067
23135 18963
18536 772
6256 14912
7060 1715
19431 2854
24233 18562
19820 20768
14475 20350
18866 11199
17273 14362
11983 14814
21783 8381
9186 6297
25061 26296
2269 10381
24859 13849
19168 16989
14105 14518
6308 11268
664 18469
4496 5320
26238 12875
15876 8593
24760 12802
24955 10041
22827 22874
10817 12804
26318 7272
6748 22331
1770 8727
20618 6979
3322 11662
1492 23699
6715 2059
18249 25649
23544 1596
14237 13298
25948 8424
25195 20997
15152 21224
18546 14704
1576 3233
6798 24092
12025 26591
22172 12267
26384 14804
5966 12453
26592 17592
9882 16473
17657 18223
24085 26638
22643 19422
17188 1950
17833 9209
5521 16656
13649 20581
1389 15823
22335 18446
23205 13861
18569 17166
740 4952
14582 12770
6769 9450
12504 25463
25199 2831
5885 5750
11237 13035
23018 525
1194 20942
2955 21595
21027 23062
22883 22859
13760 15100
4041 12819
25000 21779
25746 13209
23715 21828
5975 24558
13632 3994
16603 1591
23056 6589
14481 15791
7873 862
4689 9903
5366 14483
10622 5810
15967 2963
10549 25014
18349 8515
16673 19149
2504 21328
6203 12358
16495 12580
10190 5994
3216 25782
11005 803
16691 22768
11046 14229
5958 23259
23555 11387
2905 3119
24275 18818
20401 16064
14121 5773
5084 13522
968 2566
24252 5380
3280 21756
6687 4124
15731 7154
23178 1955
4540 23564
15012 6638
25382 17978
24482 722
461 25628
23143 15477
10857 2600
8434 3844
21742 4619
25769 3406
20673 767
15546 17359
25627 7571
12136 18662
16841 15821
18844 6622
3950 25106
22430 8873
5437 23737
14533 5513
25457 6711
17225 3655
22381 18766
10443 23184
8164 26302
10298 10808
10947 19913
11196 6962
3179 14233
18888 11532
17566 14404
18563 13687
3141 13777
18801 17618
19452 3493
16875 12574
808 12508
22608 22662
5495 7506
10364 3620
9701 23261
3454 10471
16400 11795
5854 12519
11993 13745
3430 21804
20672 23186
22341 4351
18860 22936
10296 14999
16259 13576
15336 6266
6898 17410
19714 8356
5797 20900
18200 22133
3521 1561
14171 14939
17349 25727
26048 10390
17889 19424
7945 11923
13275 17916
6587 3273
16025 25447
18026 10573
13544 9743
8008 8772
25565 24052
26428 15810
9377 13121
1475 20420
75 4888
2766 25318
1504 9131
3319 4649
4688 12653
3636 13666
21450 24579
21317 15488
19113 6187
26225 13490
18653 17338
18253 22632
26222 25162
4291 5830
7695 25957
13953 21896
21858 9114
4121 22369
21773 5941
22097 558
6287 6777
8932 21874
14249 7903
13353 6926
20187 13962
7645 21728
18568 9964
18824 15929
1615 13258
14775 14240
8609 20929
3175 4051
649 20867
19961 2337
2764 23507
18337 8315
26145 15850
18537 16158
5765 21211
9092 7735
4635 14482
13072 20619
11132 10985
24798 15535
10804 22714
19531 11411
18673 16438
23983 11719
19550 5697
10842 10339
20696 4792
16166 9225
13643 19232
1372 1893
5664 3639
4829 8566
3772 16814
13764 6508
14008 8040
18364 20859
11522 306
10642 16838
19669 24168
9841 1318
6877 45
2608 12205
5039 6731
16211 16432
25289 5946
10626 405
10145 6128
560 20259
8114 231
21172 1369
26214 11057
14295 18436
12765 22494
22973 8837
19689 21164
13838 1206
4525 12405
4859 1695
15039 24200
15248 24372
13705 18067
11119 23289
6623 18815
2433 13867
9574 15386
6221 921
12610 18224
16591 17796
13682 23905
18564 13755
3018 18144
25068 7502
20966 4098
20607 4494
19024 3275
5519 14771
11967 11778
6312 16285
15126 25252
3556 16852
14848 1082
1212 1741
24148 2191
4045 25913
23265 9655
12156 17651
5618 5191
4666 21902
4669 1543
18635 14428
11862 6642
26470 18061
17145 7128
5090 24480
11464 14720
26258 14624
11749 1361
8229 4545
25576 19261
5254 18080
8886 18289
10269 632
3295 25935
4223 16567
25372 16278
18002 26453
19974 14221
9677 14018
5990 15781
14155 20312
17757 6689
19031 1860
22192 5947
11848 24735
25716 21121
8826 3095
469 6658
10913 3433
7689 12061
3613 10725
8765 14933
10863 15965
634 12142
3339 25469
16864 14583
5260 7098
15338 20282
4233 19775
8355 7721
10911 6644
4237 18165
20048 25200
1982 13965
2298 8299
2116 7031
24127 7534
17758 2217
26463 6310
2473 2952
16820 11619
204 7839
8714 10789
2992 9713
10267 24181
20980 19761
18756 1796
19361 1334
8171 6395
8810 784
1472 26143
3270 6179
1830 20657
19748 25424
25774 3980
4 16367
17565 22769
21755 29
22753 8303
23519 21882
14017 437
1032 21044
1879 5478
13616 11956
2681 21362
8670 9195
24461 8437
21114 12193
11556 823
18510 6238
9642 12379
18594 4871
18631 3419
18175 11836
26569 7561
19308 1812
9401 15888
19915 6973
17485 12735
215 14236
15017 17319
26271 74
5872 4949
619 5701
13804 9835
10998 23137
23023 11995
15395 11947
19139 8323
23543 16798
6200 25634
21845 24976
5622 18591
10818 20344
17741 23177
7640 11020
16876 6713
26527 7677
24180 5333
2515 8078
18124 578
3063 9578
15716 5274
6219 24490
8929 23325
8791 9304
25169 16011
8034 19592
25646 14002
22890 9435
20129 12853
2933 17974
3345 12149
19634 13667
24463 14478
24257 9318
8787 14296
15664 15261
10015 1500
7795 24197
5007 22649
9834 4711
3884 846
18296 18855
18205 1213
24357 23631
19574 22077
4763 19324
14213 26631
686 20357
8230 1443
16867 23410
4185 12326
1395 26089
20387 504
3084 18021
22047 25506
16933 12244
16889 15064
7235 26080
16540 19792
24795 1628
9989 14152
6197 16616
12 20963
8031 2828
21424 6298
11401 22814
4471 21355
3947 21014
5850 3189
19515 4388
26436 3140
1605 24455
6918 6666
11089 20697
10733 9088
24669 7776
2387 22367
12305 19201
19025 23318
11335 24169
3147 12297
738 15480
12499 18010
12129 7628
12999 16156
9617 20992
21880 15645
4719 2756
21748 13662
11703 21038
12446 5997
1855 15448
20839 6034
1421 455
20477 20147
19295 11306
7941 22089
7454 8458
19739 7013
23428 9982
19392 5092
24118 14769
2706 8857
17547 6521
24889 18975
19154 6773
5098 5731
3015 2097
7156 18172
26599 23754
2053 23814
2886 3762
14700 3852
15307 8533
6743 16984
2649 10500
13054 12037
7411 2843
4003 6600
24038 20112
15698 11614
17567 17472
14150 18519
4325 16522
12229 13668
20701 24728
17442 17590
17138 522
15844 462
3258 5263
3132 25761
1223 23157
10142 14903
6841 5125
23357 10086
16292 11670
25717 14466
13310 21835
8112 19744
22198 26664
15110 3882
25764 1709
13009 26388
14352 24592
10237 3630
12690 5987
23681 23476
25067 14252
15354 16295
17637 19799
2859 15931
16376 19856
2956 11396
7800 20631
22783 19402
19358 333
26252 5511
10383 18412
24786 20760
13510 1245
11625 4728
72 13543
4548 23385
20063 351
8756 13008
13332 1329
11829 22801
17268 13052
15132 4049
17267 16093
4698 10340
21746 14691
5393 2932
16051 1406
11787 18245
1713 18513
5196 7747
3100 5247
1938 7898
6032 14183
21934 22613
13459 1593
10855 16097
18227 976
23204 22694
4229 4197
18128 4438
1191 660
877 10284
6802 4149
18802 11121
10782 2096
9700 23892
14439 1182
21442 2965
17693 10596
6845 15806
5169 24944
7910 19553
9162 414
7825 7917
17956 7379
20180 12576
16780 6710
12202 12549
18415 26058
5919 9221
114 10363
13980 262
10769 15769
24805 4958
14869 21063
26585 13912
24034 10997
7761 10149
7861 15324
208 13983
2471 16791
20346 6629
22549 24597
21598 23297
26361 7492
11985 19057
20771 24137
16183 1609
13970 4699
3122 22557
26294 1568
14088 22032
26385 9275
4384 15754
25039 26658
3445 15609
5150 12862
9038 3712
14652 5307
5582 8831
25481 13470
26301 23756
16056 16865
3448 14878
6246 131
1113 3936
5402 17836
10256 17782
3096 23232
7663 2514
8933 19991
10901 20742
8301 18204
19475 2488
25496 4863
16848 12771
635 26720
17152 20923
4911 26190
2310 9899
916 17382
22191 1432
20882 14485
21030 15029
18181 24306
6171 18833
