744 6785
5978 5945
4009 6451
1708 1069
2278 3288
995 5441
1773 749
6253 302
3001 4874
194 5634
3736 410
3974 1412
5402 189
5433 3890
603 357
2465 6745
4241 4615
2735 635
1381 286
2281 2698
895 4058
5029 5930
849 5325
4509 3678
2430 6319
300 4717
4489 4406
1557 3054
4354 1715
6769 6553
2419 6624
3891 36
2124 3584
4730 5913
3804 277
2818 2503
6684 6711
88 5970
2455 3683
531 235
3663 16
6462 1943
5365 5075
6202 556
741 1476
4752 5090
4661 31
5723 3101
3547 1479
933 491
1441 4211
5021 6161
2820 5974
2362 4182
3238 3546
793 2894
63 4734
1090 5281
152 848
1815 5797
5533 1779
2717 458
3698 3153
3573 411
6173 3029
4703 5490
5892 3055
876 815
27 2196
6508 720
3713 2533
1416 2470
5459 3602
3016 5854
4631 3218
2643 4310
4647 3206
6302 1680
2212 4028
3858 836
4192 2914
5661 1387
2889 1993
3408 2420
2037 1853
3123 1168
6017 3333
1360 3758
773 2690
2589 6103
855 5760
2673 2813
6621 6642
4120 1205
971 1000
1871 26
1010 3126
4326 169
3030 4692
4171 2679
2303 2050
165 3555
3918 2959
5976 1978
3236 4711
738 5789
545 2856
1746 2182
5326 957
5172 6147
6116 6430
3748 2750
1020 1226
379 5565
4252 2547
5011 8
3248 5743
4663 1617
6709 4815
3392 6115
3112 2967
4368 546
2617 2825
3976 1865
4978 5113
6042 4098
4601 1088
3178 3706
3180 375
4639 520
2052 572
4348 3426
2283 3413
2463 674
2195 685
3132 991
1640 2266
4001 2374
4542 2885
4957 3305
1628 2116
5508 1874
1912 4441
3411 4968
126 2306
4055 5844
5769 3331
3779 5653
2236 1072
4605 3002
2744 2310
5202 2907
1594 198
6584 3572
2891 3226
4396 5144
2461 2672
705 1487
4504 2227
2623 2992
1477 2603
5699 6648
2857 5307
4903 1075
1796 2507
448 3589
4581 6571
3274 5129
1600 5404
2803 6713
4366 1021
3307 1909
4413 1155
5484 4018
6097 5157
544 4462
1339 3099
2969 6512
3810 486
2204 3484
2375 2437
3563 2852
4270 4640
1606 595
474 1935
518 5953
6483 2398
5348 2293
794 1483
4619 3388
4773 6595
2966 5147
3437 5736
2897 4168
4790 1974
1224 4288
5546 3501
1961 4808
3032 1705
542 4680
1157 6716
1906 3235
4459 1872
4531 4533
3163 2405
5162 5947
4668 4543
4424 330
6076 5517
5984 6057
5345 3703
3297 4317
3863 2241
5531 2601
3742 6187
1024 2242
3117 2742
462 3220
3092 3106
6546 1454
922 1022
3872 3062
3065 2504
4919 3131
1251 3592
2647 5575
3629 5314
62 5074
1552 6206
5197 1453
6267 2244
3135 3133
5151 5748
5395 3609
5951 5180
1223 485
5685 4739
4608 3415
4306 6361
1478 5066
3932 809
447 2172
4089 380
5125 5777
3871 5826
2681 746
3521 2324
854 4490
1784 1955
374 6218
817 5774
2010 6278
6707 4163
2093 1536
4527 3409
1709 6449
5638 6215
565 4561
2347 6207
4487 427
1404 6228
2739 4083
13 137
5680 6573
6715 5643
2025 2450
3815 740
4683 5972
308 3396
885 2536
3708 1809
6015 2389
6199 4207
5497 5700
508 1840
4106 4100
916 3114
2340 4051
2089 2417
1481 4007
5048 1514
2434 6090
2411 1207
106 1406
6405 2821
2059 2646
3177 4059
6484 101
6094 4318
4877 6087
6284 6248
5934 5904
3630 3734
1309 1585
678 1293
5036 4988
3195 539
2911 4346
4216 2045
6148 765
5717 3429
4057 2330
5669 1904
5115 495
3404 5636
122 4576
4981 6011
3541 5159
2328 4994
3877 5916
723 2238
600 3953
5341 4993
3749 216
5175 5428
6200 1963
515 660
6467 1898
4486 1916
2032 1044
3526 4675
5842 1007
3384 3960
644 942
4021 1789
1493 2727
6225 6664
578 1768
6049 6521
1092 3486
1731 478
1295 2941
436 1446
4336 4460
4271 5704
1013 2611
5918 6001
4696 2764
5126 3644
5078 1804
1667 642
3957 1786
6426 1409
3942 1771
6756 5041
4905 3502
1780 5121
1597 10
937 4649
5664 5068
83 664
6127 4827
3622 6614
5396 3717
3529 4226
4418 526
3543 3102
1589 4997
5424 1590
6606 2826
6622 5732
6601 6539
5453 214
6432 823
3548 2402
4575 3308
5254 6176
1040 30
1411 6227
3351 6643
1286 6453
134 1326
1646 2865
2731 6077
1143 5548
4179 4881
889 2486
6274 4878
4330 6363
602 6246
3290 4124
1264 3400
3440 513
4536 3364
2867 2226
5000 157
981 5818
6395 5173
3046 4122
3300 4985
5230 5080
3896 3571
1002 935
5352 6195
6154 4511
452 4173
2095 4702
2276 4112
6400 3335
3475 1643
756 5967
6224 5089
6612 1349
5501 6674
6344 5339
2824 3155
4287 6611
4458 6168
4837 3907
443 5566
2412 2556
3042 5607
4912 2494
5963 4537
4955 3819
1004 6587
5463 6239
5647 437
5098 6145
171 4145
2817 420
4879 2198
506 97
5019 4784
4546 284
4080 4300
3802 3515
804 5194
1722 5980
3577 5293
2440 1529
607 4408
5018 406
1102 1198
864 4076
4223 676
252 5874
2169 1860
3045 4123
2993 5691
758 4715
1782 6605
1203 3693
3189 4653
4282 2798
3457 3116
43 3793
5898 492
479 2684
6415 3562
1630 6589
3033 4198
6444 5539
3676 6712
4022 1614
1146 1619
962 5968
1582 2892
4960 1352
5084 6771
4801 3839
6603 5411
4755 1745
2945 6252
4392 5885
57 1262
3533 5908
5569 1470
5954 1201
6340 5015
1413 5516
5290 3075
1999 18
1086 940
6740 2080
331 4528
6765 6178
412 104
5937 2099
1283 4105
1186 1104
4214 1592
2545 1183
262 2312
4156 6379
2126 3204
5845 5443
2657 668
5 3186
5605 3094
4322 3954
3219 4195
5609 3667
3913 4219
1795 1099
309 2933
4133 3821
6556 4391
5696 6223
1167 3569
3019 4000
6358 1402
5414 4254
4844 2446
5681 5626
1254 6117
6461 6135
4403 2019
3342 3141
2472 6119
6091 246
5610 5868
3306 2952
2365 4584
1866 671
5899 1120
6204 450
3647 5189
3452 4729
3724 3558
4505 4772
5119 3535
4547 6348
4260 2715
2061 3780
2118 2481
1610 5942
4556 6359
460 4841
1714 6536
3272 6072
102 3761
4819 2248
5471 1850
4666 5808
3456 6008
320 1379
2349 2153
1516 3069
2659 6031
3970 3599
1302 3012
4882 1336
3826 1027
271 2576
2256 5006
346 5461
1734 3125
3140 3852
1511 2030
6086 5105
163 4193
5880 4137
5302 4250
1277 236
834 5959
516 3952
1763 5712
662 1583
321 2165
4478 980
5034 3399
4821 3759
6014 4907
1296 2009
1749 6750
5040 4387
2951 4655
4974 2466
5196 3711
3422 53
4716 1510
2789 4264
5003 6520
3904 634
1197 1549
1464 3376
6045 953
11 2134
5642 3921
1266 6478
1616 1888
4262 1488
6189 4286
2488 3013
6047 6454
2738 2634
1875 766
5054 1276
5171 1403
4239 1947
259 5083
2252 4705
4165 6735
2062 5991
6186 4749
2663 1661
1188 1903
1229 3869
1148 4152
2159 2022
3621 5728
996 4567
2141 5673
3056 2763
168 563
3553 2471
3883 4284
116 2625
2745 2318
6527 2329
6190 2901
1891 580
6109 2149
2083 3224
1697 398
2982 1835
3293 3628
2949 3618
1398 4339
4248 4023
788 6701
3983 3009
2257 2792
3241 2883
1505 2002
5784 4493
5253 5613
4727 1522
3817 1917
2583 3068
5881 970
5966 1456
2723 5303
2797 481
5709 2522
432 4916
4624 753
2719 2502
305 182
5598 573
5630 5399
4662 4596
6301 296
4603 5601
297 3338
1433 6016
2478 3424
4559 1984
4920 6736
6124 5220
810 178
4816 3366
3373 5418
2920 906
1321 5389
5108 1480
5657 743
1886 564
2284 6155
1965 3661
6329 3771
6028 6734
4915 1533
1851 365
3850 6627
4307 232
5309 3110
1364 376
2555 2987
6580 6631
2184 593
5912 6052
4467 5656
5577 1486
1713 5648
145 148
4574 2848
227 5502
2934 2669
1468 2748
5783 2070
3992 6472
6370 2628
620 730
2978 2483
3634 5069
58 5814
2452 6739
2233 4180
5618 2048
5676 2039
5799 3372
4070 2834
567 1132
2072 1091
5318 1998
2721 3857
1572 5401
1259 5519
1430 4289
2332 1729
2814 4722
1009 3337
4146 755
1931 4889
1305 3348
2415 3893
1736 5975
2117 3104
4352 5526
2133 2279
3320 2644
5134 3980
2835 2130
5425 2476
4940 5364
6705 1578
6470 5145
4565 5067
4686 5231
6397 6518
6060 3143
6269 1856
2302 3603
4787 6583
3752 4176
3677 6188
1362 1618
4871 3469
6398 1210
2474 3653
622 4913
4337 1154
4634 3766
582 736
4414 5764
1001 2999
2355 3865
4606 4840
5627 1901
402 1325
3902 3211
3014 2087
1928 801
