936 42266
9200 23559
3872 18851
5720 28513
41179 30028
37282 16013
11715 39863
42186 13470
16414 2646
39734 5852
27036 18941
10885 15353
38131 30426
35468 6577
6638 10505
10030 21081
21240 25776
4253 12161
5386 38150
38478 21537
21071 41372
15705 26178
9912 35471
501 38703
13437 10264
34219 27401
11222 15505
5696 40400
34506 2180
23903 27098
36550 30083
16006 9900
33050 24670
1020 11078
30210 34741
22593 4208
7114 9089
29417 20815
27588 22756
28446 8427
17561 14871
10584 6898
16966 37618
19077 35217
23059 24144
31159 28781
38031 4474
31972 26349
19849 26873
17459 26339
8259 14070
39862 28501
38638 2189
41272 2828
28771 38140
26541 24229
39765 4890
33712 11795
16505 34981
15008 28199
40497 36111
40349 23259
7295 9336
706 20656
6087 25401
21343 544
25165 16943
9540 21308
14620 4403
6459 40509
3092 25651
37927 26624
8845 19679
18655 20680
11225 12883
23717 13879
9509 37252
12581 28565
27568 4062
10126 26514
26503 17121
13869 21594
34331 18430
32789 37963
1208 40358
524 30321
30425 17348
27463 19451
4542 27264
11322 25730
22991 41014
9632 30423
7966 2292
35628 12090
31853 1845
13927 3310
15669 19923
14823 35016
10960 23075
41599 15328
19276 10441
17545 20529
5310 34323
6452 36544
23961 37390
24419 14260
29895 27767
1111 17722
1571 29162
22654 9624
15285 37623
7056 19238
5727 17676
35847 24957
3171 39586
31588 29644
9674 33285
22460 35418
4201 13313
38163 23816
30845 33975
9385 16740
19346 26567
32038 18248
24214 6632
40191 17868
19911 22090
27437 36844
13370 26220
19353 24301
29030 16498
1442 4922
36619 2894
28802 19800
22677 40825
8152 29818
12295 29794
27777 24172
25503 18815
21629 35684
21224 39639
41883 41157
33563 32563
9840 26291
17526 14033
21508 7698
7543 28791
7051 35960
29875 11431
15467 27762
1296 3362
5997 32252
20751 19430
26481 35760
32896 7944
37654 38657
36480 26216
26729 979
31846 29359
28424 561
32467 34287
27414 32363
7881 1163
37640 40241
31766 13608
38366 34479
34602 35737
35935 1046
28120 37716
39698 5318
14507 36103
4013 24678
36693 12545
12131 35031
10704 9155
13272 27523
33471 2571
36384 13842
2120 19399
23737 19490
38999 13854
15367 10031
22020 22154
14787 21136
26269 12246
38051 363
4753 1211
21747 30867
7592 16427
12442 19710
42210 1978
37322 36712
11855 24793
30491 12818
26895 5690
36244 14657
22441 39590
26196 11492
6446 28782
19121 1125
39434 10093
89 30249
18761 28002
38812 36705
4826 35779
42099 37662
33618 17885
35261 14492
19991 36670
7008 30961
3547 27682
35510 38374
6455 12294
2290 10898
7075 35439
24856 30729
7206 4238
12918 20476
20148 24927
12681 12735
6820 37270
24437 33983
28700 36622
8565 22775
26402 2410
33426 20017
39336 35184
25624 22406
32392 35098
21946 2243
16806 20921
14641 40740
573 5105
23218 9835
2289 15408
12145 12048
15251 9168
22016 10472
4512 2559
30089 40762
7872 22226
41007 25976
31685 33113
16635 5516
39592 28736
328 35462
16911 34797
19365 1471
2227 17698
38039 35357
34452 17245
40122 20589
24581 31089
41648 6751
23964 38567
11972 9360
11801 16047
11975 18120
20571 26840
4223 32380
4366 39258
12441 17004
16268 36975
27210 7370
11361 38981
27296 31970
24922 23177
1166 8744
4803 35665
31514 11693
37554 15874
19021 31788
12134 36476
41099 29828
32469 5155
8876 21541
26979 41076
39722 36018
14293 36683
3426 41505
4593 15173
9713 16830
27378 23550
27824 19671
29457 26820
12331 372
12143 20218
22838 27118
5364 20427
27163 21939
7816 3680
31571 24841
12876 27191
19996 6404
33998 38269
31113 37536
37370 37678
242 6184
6177 14991
29477 19354
32061 25694
40127 1117
33877 23536
40301 26492
17088 32506
30875 17301
34501 14227
36691 10467
26143 24449
35578 6974
29059 41759
37166 33779
32629 1931
5433 3490
33045 31181
3660 2046
34794 15585
22938 22045
38177 14067
692 33416
16086 3856
40928 30962
6701 23756
3543 20516
18481 36862
1828 28576
41018 8117
40345 28143
35083 41931
1359 31040
11660 19111
36083 8459
8395 18963
25779 20219
12994 30952
19547 12391
19677 16653
19775 4891
40757 14628
38329 10427
37941 13884
12708 37017
36016 12807
5602 9101
39206 154
39093 25594
13627 4248
37810 38320
1372 16984
3322 32706
39321 17076
38399 12336
482 33023
41194 22231
16821 39208
27317 1494
38781 227
8453 11881
18950 10004
19443 34137
29334 7369
4927 1342
4260 38825
36957 29629
24880 12685
6140 7349
10450 6388
23048 7499
13706 11207
28639 38049
35867 11564
18900 11762
23480 19844
36393 26527
39352 30434
24648 41009
35062 33343
24294 24509
7473 30344
34201 33667
29400 1681
25076 23318
34002 31172
3191 19641
7077 42025
18014 25681
31341 34261
21802 15381
29778 40581
27241 3334
38553 30188
35970 20132
4650 10891
21168 34766
21542 16903
11257 11133
15062 30625
3903 1688
17166 5357
38125 21229
36267 14642
19063 8868
6811 34925
16590 11748
29497 10955
2161 4525
18542 33054
22286 26476
24306 26482
32975 11135
5204 10361
35852 1220
2432 30694
3628 27202
8379 19439
12067 28758
31187 19667
35446 9414
32430 886
29166 27611
19492 2483
3367 20043
12557 24342
5731 32826
20532 41126
32085 8254
12292 5001
10579 4965
27949 549
9180 21410
29097 29694
10552 13483
13441 31564
13017 24497
4564 28354
18597 21398
26030 34328
24425 5966
260 31689
27843 20637
21455 38044
27148 8982
2608 1185
24176 9863
20373 10567
7753 536
6678 35846
27903 15701
2971 35146
24166 4134
21875 27694
37080 34801
5168 25611
28658 28579
11656 16790
38236 27509
23884 37465
8106 40890
34183 26987
31538 26366
19886 18749
24299 5052
15186 12286
8894 38111
2973 10147
24259 2143
10643 14904
11932 30076
4677 13510
24041 41230
25745 14865
41566 10640
2921 40935
38237 39857
30031 37922
14716 22595
7709 15181
35116 16404
2825 24482
26802 27303
30959 20584
25898 340
39762 22266
7967 17210
21517 12754
5930 40732
41757 41013
26947 38338
28911 2058
17987 4257
10415 11389
25189 39211
40496 1322
40295 11590
29202 16347
12591 11291
38389 20805
38231 40499
38506 9983
9627 37327
18518 5143
13895 31052
36961 19846
17009 6995
38363 22032
1212 708
28267 37468
36762 36906
21819 2262
31512 7809
11986 23657
16345 9671
22543 11083
20643 38976
14089 8953
11902 34720
37531 4487
40108 23351
41517 31213
34994 14143
8994 25199
28981 10456
12899 6884
41968 28008
8291 40753
26664 35209
23197 14040
38037 5236
9142 12699
7106 20665
17731 17378
21509 41088
24075 22454
25121 4887
38738 149
7153 32917
21659 20214
20255 39928
1423 15161
18898 21675
39915 31910
38534 518
35000 15265
6259 34448
32362 25194
37344 20623
38940 6551
16388 18824
37681 27760
13843 10050
13715 215
35134 29340
38279 5700
16023 23217
37993 17112
40189 30374
30405 11308
37826 9629
18856 31482
23947 7386
16158 26109
25061 34669
11915 37455
21912 1567
27645 7004
29857 10309
20510 5322
20938 36833
22717 29612
31548 13037
34984 20508
10443 28425
7621 21257
29361 12023
5471 17482
21960 22845
31555 22205
28508 5296
38053 23486
4975 26043
2718 28717
30305 6985
17605 28494
13814 5597
21833 25673
22026 30556
28170 32683
25797 29496
12355 21209
35239 14393
10434 10290
14802 34982
19587 17926
6860 38902
37790 31472
32083 22108
17516 34377
20986 35956
37438 9088
11267 12713
5234 28515
14032 33822
9567 3172
11142 18505
32862 13319
5983 14020
9132 20662
27857 41206
530 27773
16592 34397
20864 42239
38156 34251
21611 1052
8167 38617
13146 8366
4489 32524
28078 23157
16503 30200
5408 13633
1803 40641
13086 36690
12343 38640
32360 3001
30233 27757
13269 21159
1887 10657
36601 15412
4626 28350
16045 39310
39051 16408
11494 30171
40252 7781
8373 3244
42090 23629
23163 40231
30259 41657
9956 21013
7609 17150
29410 34477
40314 15757
29152 1734
14819 20635
32852 41433
31773 13707
19494 6278
14575 14443
6443 2477
3260 13412
22222 32884
35186 25104
33683 2131
14897 20385
28256 31578
18 13588
39100 15424
1388 26858
4313 19893
36715 27201
3091 25141
35040 12613
21902 30416
3057 18736
1260 21921
4925 35980
11111 20649
25597 4228
14018 2959
15543 6473
14098 6899
27272 6729
20562 30412
28818 6417
27709 7643
26766 29043
32505 19410
30945 27867
22851 22070
26505 17917
26808 3350
6816 41524
17893 13444
9012 35010
2583 6895
16007 14942
2354 33798
4339 8150
19919 42187
4754 7954
14672 39993
25836 10937
36107 37399
17022 19875
20124 35303
27695 28093
34360 16497
39007 37001
27953 21529
24000 13863
37831 19912
30905 27359
34510 26065
1295 8941
3887 16339
18960 667
41400 27990
31275 28088
28308 13886
38656 14051
15569 16931
13885 5524
28820 8295
9420 14218
32636 40276
35198 34531
4646 40289
39974 16958
2387 5013
36265 25465
6463 16146
16593 9429
30545 41124
31138 18930
19847 40624
19216 11977
28230 16980
9018 19997
31829 12704
41717 4940
29866 4189
19971 16277
25419 22641
35977 7843
6318 7550
18136 38220
30372 31521
30661 20353
7417 33696
7395 18682
37926 37218
36901 41705
877 20109
11065 26426
40540 24664
25301 2676
25566 6936
19794 30392
12535 35330
10445 3578
3683 33096
41494 20835
41789 18885
39219 32808
4420 1321
11118 4377
20104 767
16973 30407
5866 25690
10452 36634
21847 17696
21325 33517
8202 14922
14968 6545
3330 26128
11233 6225
12642 37121
39026 41023
22219 21064
14843 13115
7078 10862
4642 23965
21033 22895
29017 1843
3631 42136
16290 7654
32438 15555
37861 22124
34631 23126
35157 30713
5027 30376
24268 37222
33904 31244
29192 42223
36335 11832
31467 20379
14884 20592
35326 27606
28551 25407
34212 20166
16102 26207
14900 2297
30424 22924
4320 23740
21562 16412
3365 40845
41880 33839
11441 35507
11273 19154
37897 33185
19975 20591
34176 11466
3353 27663
7733 27648
25652 4309
12631 4510
14773 15475
38960 8051
40574 24531
41141 22629
35024 27731
3395 4765
4444 36836
8087 6571
31728 35154
40425 22749
9444 33673
38987 9067
38238 5695
31674 18387
36257 1607
9041 21904
11264 18345
557 27325
7436 38090
29129 6973
9099 33435
35192 2468
2554 9312
5420 16009
14556 15132
28479 11898
24487 16124
34007 13193
14623 25170
36865 10394
27621 10396
7123 8993
22391 41642
26054 34844
245 8807
14803 31778
24786 12612
13812 40097
14977 20524
18943 33976
4286 34075
13267 2710
70 21004
3103 30469
31733 7551
16374 26497
23404 24153
1101 15985
40453 248
10295 39031
15346 5816
22141 36417
21265 29022
6535 11613
9261 11828
14195 9087
23605 28631
24282 3708
21539 20848
34515 12873
11028 15900
2754 24029
10469 32390
18376 17211
39157 2301
23445 31134
30218 21972
31193 33010
36299 27458
26132 13200
7403 29945
6750 14988
27404 6668
24945 6906
29948 30947
28141 25967
16373 28737
6709 21028
31646 3381
11226 35346
24887 21419
25570 30613
15050 16174
24205 3118
39707 30132
41674 22220
20846 9551
31845 1822
19786 20006
12615 8166
25499 7442
19936 27438
31558 7750
10706 9390
5071 15807
32313 2686
22502 11073
21627 7019
24115 31087
9499 40368
10424 2780
31936 30149
41481 30500
41942 1263
14744 25496
24430 29092
25405 30267
41767 39866
35651 12804
30695 35818
18944 929
17270 26544
25381 2572
8513 12147
23529 7723
32921 25216
24622 41175
12978 40795
11293 4809
3689 5057
4341 32825
35307 26923
9244 3158
2833 10121
26031 19633
36047 5166
18733 1569
5340 2613
5355 20494
11820 5865
1702 29640
36710 14930
18910 32218
