307 88252
57524 23418
26572 11947
15518 16352
46849 33728
62930 6593
75717 20560
62852 77252
75334 60166
24102 65150
20069 9813
1741 3831
33351 74824
72555 41160
33916 10728
20416 76057
9263 33185
43937 36
31090 71158
65411 58613
32425 87945
29743 38432
74551 6624
49557 41940
60565 78375
47817 80690
37719 78956
67917 71309
2219 81228
23723 1541
80496 80149
63688 51893
64780 5483
38608 84714
11879 52973
85596 75953
4368 4331
73909 43245
40481 44894
73048 5610
20122 79749
78338 7972
8031 10849
87501 27708
44919 61169
51146 5948
86100 49838
22911 65038
45467 47721
61265 16696
15269 82449
72787 65872
12167 30512
87203 50258
25532 33918
39155 9352
40257 47443
17016 28042
7141 51207
32396 33156
27441 33310
35175 39952
34836 63664
26456 29809
13381 25213
41777 38471
146 61527
80434 19749
35602 22022
28424 33992
54139 40972
32244 14461
13935 46788
20661 67560
9196 18178
58934 59913
38701 31072
70168 43230
63737 53420
14688 31171
4818 41348
33049 11873
18764 510
7241 17193
15436 51656
61923 84562
48965 64474
9260 76629
63895 40275
24896 78498
15955 73131
66159 30817
28357 25680
53584 62415
34846 78290
42140 85393
56912 8005
10697 54747
43317 56657
2212 84917
13100 10083
59748 58525
50071 87095
87603 29634
47531 131
267 12733
73599 80298
36032 20347
6737 37105
71557 13585
67628 5960
79105 1930
36568 82294
50055 31162
63836 84845
28245 36940
69549 85972
36594 32780
26987 14750
32581 55635
65576 74743
4674 21298
25048 17402
12628 81024
86678 55682
60695 74455
87725 55744
55289 44493
35779 58492
44821 8458
13584 39894
87827 51201
46011 64750
29309 86479
37995 18118
7828 35384
79676 15320
19321 24949
43469 7963
45138 61164
46953 20831
16812 49712
25030 57982
17523 44448
37615 47659
3808 87453
30007 31822
8996 69976
9873 44521
18615 43841
71969 27331
69492 72047
42632 71324
40456 31295
20584 67985
10178 87441
35031 51243
49418 23916
81729 52954
63765 43277
48401 41915
48498 45553
38097 50073
71940 84794
47601 4209
55963 71475
54972 64366
38956 37724
55577 16963
77767 31453
53043 59083
55645 40828
42664 63817
41654 27176
77967 68877
13855 62694
85309 33695
50691 82436
27970 8628
71021 2645
49540 11127
35810 78480
53531 71932
6281 39565
64999 88064
62369 49869
78279 64090
8335 52494
64311 60578
84033 81311
84721 83377
50541 72872
8102 84857
26389 32495
50473 71380
33453 74541
28732 75532
56986 39141
28767 27674
18520 25918
70823 39371
69344 61161
83744 83120
33344 86707
77926 65834
68601 61296
62295 82201
38945 37366
63071 59261
50398 82578
57249 87697
62509 62687
39650 4843
72907 61598
15346 19335
2299 50232
76990 80523
87718 45266
45531 58125
10591 28624
34257 3018
39105 18157
44913 2292
85969 80315
60201 15799
71929 8836
67681 88020
50588 82051
71963 10610
36487 62056
6076 70828
55449 52614
12903 63656
82608 66452
4244 52475
24947 1674
56773 60961
68527 28855
24721 2789
16510 7577
34374 54682
29647 49494
10511 48931
20884 17745
18342 12641
61437 30497
86355 62582
78381 36344
24561 77228
30670 69824
52683 63329
52834 24359
12764 18455
18494 69669
13736 7889
63582 43167
38943 75416
15848 76309
87822 11398
86612 69852
15163 52812
6162 28592
56399 38071
80789 69104
79340 68077
78119 53619
72022 54860
45565 13582
11578 84504
503 82059
87973 28974
16082 5607
70959 7130
18201 3525
74077 47316
11991 54809
38022 48081
13634 27614
64209 54180
30164 51035
64322 17466
3738 71563
36738 24944
7721 65859
58506 65856
31461 56900
66223 78676
88239 34983
27288 39486
57867 40192
70924 86394
42176 38228
21332 10344
73853 74383
20302 13286
50011 22745
42675 65450
4311 41114
67760 2281
66634 21436
11125 16752
2557 61051
77728 7760
23306 50669
32334 55695
6452 72572
33261 6320
44856 70287
