247 67919
64178 13301
52339 27768
20234 35321
7740 47356
57977 7041
8631 6793
51177 62527
53572 50392
56779 59928
49490 54995
52616 25930
5945 37704
6986 58596
52016 59263
39479 24
27424 2281
44047 7825
38701 33979
49535 46241
55071 41685
25842 7409
63271 6254
19266 37146
28811 67442
35833 39257
14723 3638
11470 1134
37452 11971
54516 16572
25287 64225
64623 29449
11999 34527
57384 23488
22423 53846
62557 33729
44710 39498
48482 62328
52007 53482
19312 23144
33366 48513
42117 47897
62609 3459
37808 29509
53419 21539
55790 29305
29958 36837
64205 7769
15813 28675
23529 27605
50977 41788
5405 58518
6629 7205
50466 2177
6290 57157
1363 1617
21398 50624
19555 59608
5575 14645
42896 25431
63361 24333
42081 19360
60170 49937
17254 38675
17541 45953
32238 50946
21139 27173
19450 64446
61838 4939
14346 54586
50173 48824
50002 34531
23326 26807
48950 45910
67373 22202
67249 45130
67576 19114
54606 51159
2072 45758
41126 52772
64042 47646
13291 18811
52258 44586
5736 4356
37091 58802
24152 23016
58764 41348
10591 48396
38903 67488
63780 47608
31246 14359
50248 56445
4251 48991
49550 41319
62002 48307
48245 37684
39526 9533
16685 11721
34771 63984
56346 1078
33849 14086
13612 20223
28925 40609
28595 58116
47982 22629
4710 17835
67000 11212
45255 41888
12487 16614
60839 6872
56150 59910
20227 29497
18447 28226
17829 61895
30240 174
6345 18393
38912 33674
28524 46833
27351 40013
44386 6743
34880 67897
50473 31950
23717 30686
52814 43215
11357 24186
14592 53564
23358 29650
4007 23226
62372 29789
19086 65088
27292 29172
63076 39270
62903 62395
16485 52161
16951 17901
31776 66585
40779 66727
23643 50127
17698 27410
14859 49162
15138 22644
8256 14255
35458 39583
44111 8506
65771 61924
36308 22231
36857 19417
5361 32145
52607 19296
48100 61249
13821 27129
6678 32529
32257 67355
48881 54548
49861 3909
63760 63432
67280 3431
15082 60617
35426 45487
54200 4900
5839 52005
44673 22868
7178 39999
62190 2284
5026 58179
63781 62959
27259 798
20812 8299
22866 2475
61181 37803
43350 5776
44934 4105
63302 31757
24767 43773
22656 7745
20553 31055
59642 64239
63288 46498
50810 30597
14196 46252
5436 52223
1791 10236
5829 36201
9626 5208
21436 18801
49528 28583
57077 44842
8421 40573
57965 46167
5358 61108
65881 21114
44403 61869
56696 65247
14567 29638
57833 7298
30083 47456
4217 38693
50425 9259
47526 6870
67356 61271
21181 63187
62939 9338
28818 64819
66657 13951
6491 65426
28975 28111
28567 30748
38286 17661
64501 5576
7067 1753
41911 64018
8036 57220
12031 9557
19622 36990
31381 42447
1668 45839
10768 10432
47277 27739
56155 16839
63075 60509
53859 7870
49823 38914
47695 24907
55664 12363
57172 28797
49139 51807
40046 15046
36012 3761
47411 54659
15537 26301
45600 22105
59731 38527
60497 16296
58447 54832
47 63687
23856 52243
35504 33085
40504 41489
29722 26011
40938 35702
16705 45099
37262 58794
63974 2762
17091 61153
58490 12122
42870 15509
63889 7803
64695 20743
