910 246 651
256 928
620 63
738 44
889 126
883 876
794 336
399 902
109 886
27 28
968 830
579 220
322 130
675 318
357 853
579 954
503 834
881 474
896 971
869 136
96 751
12 241
438 762
142 899
999 169
926 966
350 856
186 671
337 860
340 45
64 919
998 919
752 879
392 1000
201 261
135 648
363 498
888 801
259 30
51 257
550 328
575 899
535 112
569 871
323 908
915 386
826 912
656 930
142 48
929 342
660 415
989 22
913 229
174 523
258 224
132 807
903 706
57 437
817 625
307 139
884 573
876 62
485 532
343 978
579 623
672 238
37 660
611 301
240 785
824 497
360 955
655 615
660 711
51 828
335 710
966 571
282 193
632 118
724 326
448 302
948 119
891 984
130 854
285 370
990 460
866 349
766 521
315 777
231 366
604 918
427 921
840 60
113 823
530 837
148 977
490 95
95 733
430 224
586 66
593 575
525 811
275 642
683 590
418 265
307 373
182 85
293 373
144 758
195 673
946 342
649 787
436 95
519 218
671 456
283 615
382 808
425 9
449 459
950 219
724 608
591 905
692 236
278 835
993 824
860 938
166 508
76 953
955 947
170 625
402 453
591 136
612 16
496 412
826 445
630 549
52 221
806 743
456 435
929 800
258 788
89 775
648 164
728 602
110 249
578 864
53 168
351 16
535 846
428 361
642 409
261 45
981 66
139 788
500 67
587 110
207 675
884 854
191 963
807 300
564 736
163 616
903 513
984 790
710 763
502 351
171 762
747 504
828 885
291 679
304 230
788 510
256 24
363 446
986 521
98 549
256 612
517 158
125 500
299 186
262 800
889 784
914 635
287 93
872 930
123 175
159 911
684 766
934 398
212 271
918 661
820 173
272 688
682 748
187 333
934 800
484 822
935 397
808 574
841 679
503 964
853 13
874 536
130 159
285 693
781 554
353 600
726 625
639 760
372 177
92 657
328 575
478 263
324 286
188 164
964 690
127 169
54 352
56 535
862 341
228 643
894 580
594 972
556 233
731 928
761 174
584 89
100 414
351 775
51 538
939 14
579 417
534 984
121 590
518 982
930 745
976 175
677 922
146 232
506 228
159 266
753 95
354 205
860 56
979 910
593 917
275 523
686 809
858 806
398 376
139 679
472 115
205 148
388 703
380 893
930 890
158 35
336 512
239 195
919 217
456 512
486 731
386 171
891 244
328 640
971 466
318 442
580 874
942 319
576 673
211 858
914 369
892 250
232 482
796 502
50 604
13 535
334 751
57 576
994 384
215 964
850 884
757 781
757 698
100 333
370 662
190 284
30 433
885 613
914 680
115 963
283 479
498 968
229 906
543 574
290 109
889 491
992 646
271 101
343 722
433 713
384 622
348 765
54 232
730 319
911 196
281 546
26 130
865 607
36 408
180 677
868 421
167 860
66 789
960 408
863 744
472 246
717 819
362 122
50 91
440 313
638 720
858 664
202 722
270 589
481 801
265 349
221 783
560 286
923 871
46 785
966 869
382 682
688 744
803 89
186 594
401 824
665 258
487 866
332 108
454 164
908 70
864 481
204 423
766 127
645 163
263 610
32 645
643 71
740 797
159 277
390 560
100 55
169 938
920 852
45 726
16 305
147 879
785 351
654 902
829 298
417 443
260 448
439 254
518 178
51 676
455 440
587 906
494 756
844 766
607 240
843 622
896 989
853 680
691 506
934 519
155 702
314 766
149 752
20 18
282 70
45 736
509 632
993 355
739 836
120 345
428 962
319 323
302 171
355 993
28 640
863 534
341 176
300 841
928 671
858 209
92 254
296 600
885 288
306 623
476 425
320 903
738 990
577 40
512 283
32 539
922 246
424 262
422 75
102 349
745 311
909 836
565 204
788 801
491 93
776 318
870 95
572 607
84 149
998 947
783 381
485 705
627 260
318 48
335 772
748 79
82 656
915 998
211 54
151 53
146 926
371 15
372 294
974 807
794 323
753 577
704 237
281 682
496 950
81 830
721 828
261 155
835 527
504 397
580 654
449 77
579 171
444 950
465 417
756 258
91 508
186 794
96 818
475 944
768 555
125 840
734 737
994 920
263 850
316 194
503 765
271 434
935 714
735 751
482 843
361 572
702 546
718 150
364 544
93 483
451 569
322 184
306 668
104 920
517 771
114 371
535 384
156 822
449 891
924 930
85 284
853 786
182 922
935 545
466 379
379 916
948 700
451 605
719 906
524 587
677 637
310 563
372 465
736 820
707 660
101 791
295 306
577 476
227 863
372 44
242 750
959 541
802 762
497 520
667 20
459 343
9 768
258 732
232 993
904 291
652 356
81 947
661 657
774 240
872 146
283 113
895 594
5 696
355 501
568 21
872 26
716 232
145 325
316 728
317 219
18 321
574 99
619 587
107 392
826 978
537 460
442 784
53 446
831 407
298 398
780 522
775 847
753 271
171 68
999 839
638 16
159 564
114 129
150 573
521 327
550 409
786 344
192 839
141 23
597 439
772 728
960 899
926 64
169 448
484 167
287 121
183 797
684 648
926 185
220 798
511 122
206 649
465 398
839 957
772 435
395 543
515 706
441 440
122 610
888 605
128 526
725 310
322 761
310 599
945 529
396 808
2 602
456 818
351 294
775 122
80 521
16 594
579 457
386 700
418 625
304 545
502 380
207 823
140 868
774 437
748 169
244 750
770 51
919 472
344 693
593 775
566 609
369 144
417 106
843 186
82 146
82 583
525 640
757 17
507 530
453 255
699 48
4 820
98 274
644 793
967 236
567 884
196 287
27 964
744 221
149 825
366 231
407 242
222 164
610 729
45 414
983 743
813 338
915 262
611 558
54 929
145 973
812 693
259 190
656 3
410 805
179 127
387 586
721 608
101 330
336 145
96 670
240 908
7 506
170 970
415 575
898 559
547 62
251 158
603 907
512 13
63 690
139 449
627 211
408 727
541 744
224 636
413 463
543 772
968 64
93 734
639 990
644 185
403 247
694 6
505 205
370 567
895 860
367 521
71 774
600 963
869 823
950 634
285 844
405 604
908 497
337 546
838 332
82 593
578 776
950 82
980 319
648 226
530 366
99 600
140 698
914 8
520 863
641 156
707 397
111 614
245 799
511 83
130 592
27 708
719 976
789 699
646 789
276 175
154 374
127 293
71 40
653 942
903 293
449 609
42 559
574 286
357 84
720 487
27 746
194 746
73 334
796 718
122 71
245 276
797 371
568 219
762 572
161 664
217 609
624 258
520 197
895 876
632 615
714 659
712 259
756 785
593 551
854 66
973 450
341 769
820 261
988 934
832 500
597 48
460 573
657 979
769 552
207 753
518 272
763 229
531 518
365 475
420 571
892 392
20 233
513 192
845 500
125 676
351 73
76 810
645 84
141 766
635 347
518 504
970 280
85 852
797 449
326 568
19 218
959 391
802 823
582 646
674 58
673 24
130 100
834 127
184 326
892 170
672 409
674 993
40 758
845 188
558 522
755 929
91 65
319 892
888 252
889 561
309 562
585 790
13 770
916 196
95 807
718 118
567 743
110 606
852 306
145 409
828 899
689 918
316 7
810 203
610 50
763 270
963 699
60 976
820 975
523 914
134 240
383 700
982 845
658 185
150 802
594 977
53 634
247 368
993 408
570 602
457 684
872 420
735 931
747 554
257 269
468 390
861 202
90 842
398 99
379 548
900 972
876 304
605 122
671 597
529 592
551 338
628 774
757 362
704 855
915 312
123 734
702 983
936 143
177 333
241 555
232 492
878 108
796 834
581 818
783 462
410 685
799 37
458 907
398 161
761 312
824 235
46 525
570 333
667 746
17 259
652 249
751 881
708 546
66 640
363 848
101 124
532 251
512 989
157 909
501 269
573 325
504 970
201 425
654 220
522 670
478 173
270 580
405 329
477 470
321 192
318 421
315 201
24 827
542 180
87 394
801 11
70 656
980 271
80 985
490 601
7 319
125 276
899 529
957 375
998 277
566 667
49 233
220 72
59 113
604 497
506 756
508 576
411 839
198 842
824 39
442 830
357 918
457 607
446 765
334 795
393 251
814 442
483 33
865 893
497 468
390 2
575 249
929 985
87 126
826 262
516 619
443 225
536 252
831 333
16 516
128 761
767 941
202 249
