888 935 54
343 52
997 640
806 694
713 832
757 725
938 712
104 736
410 470
124 859
668 747
569 773
177 2
622 804
702 889
691 988
942 385
39 290
376 196
336 441
28 444
165 317
156 620
404 917
441 880
776 460
626 344
232 154
698 205
957 751
93 999
738 386
383 128
28 110
324 363
550 703
158 67
19 313
686 775
230 479
654 5
938 631
700 522
784 749
726 740
499 171
90 588
908 472
68 935
581 391
649 483
93 807
549 463
119 586
237 700
64 242
56 354
872 756
227 655
856 304
746 707
826 835
646 734
658 713
20 591
103 21
73 547
827 973
362 297
558 950
349 974
192 404
327 415
511 905
70 367
208 167
425 386
354 70
471 11
783 490
953 237
862 377
784 688
349 145
337 907
446 685
880 637
440 558
52 951
462 473
317 21
991 93
406 344
162 876
707 944
718 11
181 579
388 316
619 736
812 307
642 257
991 873
246 782
430 649
732 243
121 400
616 463
492 373
159 654
601 865
949 670
875 481
248 614
796 218
350 959
524 991
568 866
216 813
648 645
461 379
240 933
131 855
747 622
579 905
627 179
121 928
848 996
408 448
609 556
17 310
866 541
653 433
758 868
597 405
512 409
136 103
341 618
309 440
239 888
344 218
418 465
145 618
812 904
417 772
811 433
82 677
973 734
109 731
601 706
487 464
114 974
919 807
591 227
598 182
466 941
751 884
757 895
853 568
150 269
340 961
701 773
989 26
858 97
108 458
154 946
273 620
920 191
778 862
770 375
395 235
315 145
470 424
391 322
991 541
942 682
853 643
454 841
668 311
289 127
120 795
72 745
414 343
287 191
205 56
917 599
643 583
96 112
6 486
786 997
378 727
30 230
721 836
422 740
146 711
866 618
505 938
362 270
280 648
812 836
56 728
787 698
310 882
161 668
719 946
16 97
25 45
678 745
880 452
485 378
514 702
347 370
991 708
639 271
707 802
458 114
529 244
811 190
477 972
857 196
269 872
292 293
269 321
38 148
772 874
525 285
927 871
6 918
930 644
188 989
445 997
454 325
241 265
515 717
588 723
264 856
947 907
149 215
228 538
362 351
763 239
988 689
461 993
606 743
989 145
731 433
142 184
110 734
800 624
802 387
698 66
595 644
324 95
858 551
984 572
254 746
162 241
786 622
233 744
364 221
888 446
6 381
982 115
466 133
90 620
520 139
37 466
783 360
560 992
263 895
915 516
640 76
756 777
698 340
520 413
913 408
859 270
140 192
736 606
324 825
225 195
315 261
660 449
972 571
793 234
465 707
749 456
783 856
233 832
196 104
596 460
863 806
729 3
997 464
960 321
640 536
867 306
148 879
755 119
449 547
353 266
605 101
721 739
309 305
570 504
409 166
315 271
323 43
625 320
858 584
992 849
471 858
154 618
736 260
737 537
806 441
802 411
541 874
149 849
531 71
704 291
588 370
913 910
412 538
581 621
473 572
821 944
782 327
561 517
586 649
405 744
89 558
154 982
784 654
182 314
76 886
604 15
255 516
277 19
405 857
991 878
429 164
821 562
490 733
78 75
382 835
818 470
392 323
803 175
329 985
840 756
222 443
771 828
311 47
198 715
255 189
944 35
704 116
596 193
849 674
619 230
508 789
51 251
111 206
426 791
190 265
547 411
60 669
238 722
67 788
788 321
328 732
356 31
847 951
223 47
976 841
628 835
629 31
86 92
236 863
234 425
127 132
187 538
800 776
259 866
563 399
539 890
482 894
920 680
844 494
727 172
687 354
6 667
384 91
110 619
305 344
395 784
475 581
321 275
357 932
492 919
682 30
809 163
275 80
842 471
574 568
642 612
922 647
278 657
90 388
276 394
83 22
177 557
603 850
183 959
781 27
877 462
56 37
976 331
469 817
153 42
385 794
5 658
440 282
666 881
21 293
275 103
315 803
12 917
652 194
875 784
572 103
245 628
492 572
310 960
389 462
353 125
255 357
134 46
990 799
927 363
92 553
817 758
355 828
674 359
374 900
142 945
2 739
924 845
310 233
804 698
46 156
822 652
864 955
50 854
106 328
216 549
880 32
306 586
212 979
944 585
230 86
529 231
176 805
428 485
389 231
183 435
739 356
438 602
663 487
455 120
166 22
668 397
406 973
983 617
303 278
553 532
715 433
114 890
237 541
375 626
772 909
412 510
616 849
463 630
688 918
749 853
291 416
250 696
388 584
664 690
213 216
573 928
649 687
169 237
227 895
862 998
155 273
859 771
474 322
400 161
591 501
365 881
916 966
929 656
549 944
697 762
512 270
41 512
956 561
748 182
456 962
532 610
234 390
732 59
711 484
219 653
984 584
886 899
549 166
554 450
109 603
563 972
872 955
483 827
515 583
360 970
544 891
932 129
281 663
188 343
146 758
996 129
693 233
380 594
398 285
43 506
887 957
830 758
911 312
936 425
894 296
747 789
186 678
270 818
340 457
161 838
566 508
966 259
740 697
852 137
982 246
994 868
202 823
978 464
487 913
888 732
560 634
873 746
663 142
915 3
598 75
192 163
934 509
773 673
206 624
161 187
869 155
406 422
329 383
885 167
648 125
899 207
758 771
304 773
912 219
127 861
645 318
375 579
826 148
603 31
771 764
569 992
270 975
765 598
357 650
765 356
774 15
915 883
785 218
655 48
788 133
908 785
450 634
363 628
781 965
658 904
80 227
895 349
553 659
947 909
660 63
617 785
77 531
668 213
100 674
612 888
807 519
672 608
504 386
235 285
702 245
188 782
823 434
130 375
444 428
635 104
490 251
888 918
781 907
130 881
933 741
120 91
611 791
698 115
528 285
751 229
529 938
10 351
371 492
77 814
919 711
269 761
962 157
678 94
415 160
326 347
252 445
437 215
587 487
681 114
771 431
695 299
720 704
1 442
195 77
607 466
139 876
226 452
384 903
898 798
62 223
497 666
20 933
880 958
419 560
72 541
342 118
191 61
821 543
502 368
619 108
833 110
335 58
561 718
312 810
868 374
33 364
391 404
648 270
361 67
181 784
959 522
901 150
582 74
692 435
441 663
894 625
772 229
682 684
946 993
494 165
718 878
528 108
281 176
729 641
594 909
425 552
430 677
701 363
750 745
797 542
407 691
166 530
919 199
213 216
544 58
733 613
287 260
73 567
787 801
560 380
62 336
284 491
12 336
206 114
80 2
655 838
44 821
367 314
371 932
882 914
341 614
527 628
873 951
194 12
751 753
743 812
440 26
655 452
362 860
565 793
213 219
631 609
391 349
922 762
280 803
27 621
768 905
248 993
855 793
4 606
898 746
769 337
772 775
140 485
986 704
629 199
275 611
159 17
960 432
130 591
587 157
563 354
61 162
346 916
955 349
873 204
95 993
892 218
768 32
54 753
87 682
303 713
645 461
730 604
893 859
546 479
367 461
184 780
622 530
47 928
878 919
131 324
911 23
893 30
406 946
783 492
980 85
205 624
898 286
579 142
496 476
972 863
936 155
994 558
684 40
837 914
310 968
589 572
342 482
602 99
779 384
590 110
820 146
85 69
431 663
210 279
139 533
493 426
688 486
983 723
525 820
636 186
139 577
757 832
410 358
930 540
93 871
650 913
17 734
333 799
749 895
77 239
427 569
664 114
406 999
837 282
170 824
467 660
752 224
491 161
933 772
701 26
994 702
290 362
435 622
161 535
516 589
773 943
510 789
408 915
787 596
549 308
772 15
967 523
590 809
684 523
932 736
548 925
437 837
287 223
810 799
758 678
739 882
972 248
670 379
515 808
327 63
467 98
429 433
620 371
593 655
893 524
742 792
801 178
980 439
401 141
237 510
818 975
391 789
575 413
520 89
572 846
503 39
943 283
471 914
653 64
921 897
939 662
688 739
840 19
177 592
160 765
101 977
92 843
118 666
607 637
106 179
482 960
217 776
242 39
689 247
454 961
143 393
623 183
483 814
553 12
405 712
776 857
41 867
51 158
884 658
794 989
836 275
300 404
50 542
442 90
140 248
51 282
