640 25 816
474 838
369 485
594 432
613 450
472 831
852 629
715 861
774 55
696 400
355 451
801 248
893 891
387 492
293 20
131 317
836 956
154 556
793 747
987 405
548 811
587 751
791 653
612 565
60 659
964 766
110 765
13 354
7 751
845 651
122 327
967 309
282 472
864 426
570 203
182 469
13 769
219 803
421 830
367 480
841 683
597 950
799 961
303 157
711 499
807 185
825 125
493 458
596 357
236 517
911 417
985 923
185 555
725 958
737 92
789 577
126 386
526 924
346 180
80 409
30 886
593 206
362 437
15 957
145 250
825 55
667 809
977 851
715 702
808 451
145 949
27 270
334 904
545 679
435 624
439 464
861 31
669 222
468 684
530 612
933 354
19 951
514 995
802 580
696 961
31 192
909 409
461 594
313 5
625 99
980 63
915 192
446 583
413 265
618 294
228 903
999 246
853 864
241 6
444 288
967 474
480 227
234 292
821 546
649 797
997 980
859 911
172 304
845 936
920 815
230 148
717 580
745 921
444 985
927 887
625 245
360 104
823 593
747 995
491 395
791 839
727 650
749 898
305 593
185 577
759 414
724 475
994 468
748 789
805 674
675 429
270 386
884 92
978 982
439 820
729 229
658 455
230 758
352 535
703 536
111 461
302 186
288 647
5 35
435 809
60 109
589 681
494 824
772 823
806 210
995 534
791 4
988 20
762 691
906 464
578 368
276 231
905 563
229 910
949 663
70 8
123 11
688 968
834 812
143 991
373 137
524 163
140 863
535 253
905 440
68 835
808 344
65 712
258 294
973 207
308 43
214 783
405 254
750 238
65 244
229 789
380 104
952 872
319 486
476 223
277 544
57 436
239 474
500 496
767 472
702 426
866 268
208 270
521 310
508 937
553 88
725 285
543 28
508 861
865 983
84 142
526 492
577 764
965 76
612 83
900 313
509 765
932 68
35 804
377 894
740 282
333 817
918 875
844 425
736 709
407 171
850 285
662 778
400 627
206 11
709 105
676 569
221 607
637 607
763 365
852 854
646 184
670 563
411 514
339 498
574 98
668 775
382 681
552 781
307 109
144 368
213 819
936 434
777 924
392 891
289 244
745 286
427 414
201 189
279 539
686 852
636 705
626 369
386 178
502 44
286 645
411 851
815 699
636 591
622 27
834 910
622 578
196 401
991 748
589 270
286 275
121 922
331 747
642 716
276 143
760 913
787 170
115 601
220 102
544 842
129 377
103 102
306 650
502 296
397 91
565 35
717 38
308 47
136 949
763 763
92 874
27 230
395 142
183 615
243 78
808 723
454 910
825 111
912 678
406 660
768 323
694 836
712 1
883 847
950 997
961 393
222 987
622 616
128 804
230 723
881 389
797 686
299 973
796 562
651 554
221 418
876 267
606 939
267 840
785 568
188 745
312 409
731 934
24 211
89 606
285 322
994 81
359 644
54 507
205 56
60 778
473 287
396 430
577 14
269 361
582 456
457 245
864 539
530 888
101 971
845 385
292 838
818 2
482 871
508 38
926 919
167 750
557 562
532 133
576 800
845 509
256 301
105 471
192 635
710 292
605 554
29 248
744 846
249 577
68 757
966 345
27 133
446 584
46 977
716 973
129 561
833 384
213 938
206 404
924 916
48 528
469 428
775 212
273 375
140 692
483 106
36 510
238 833
93 635
810 160
608 938
72 792
673 285
81 878
40 4
793 439
883 614
866 657
177 490
384 317
181 866
422 216
375 11
49 819
997 210
331 956
499 402
748 171
38 828
400 430
832 545
868 714
158 86
723 686
575 458
2 756
323 775
323 698
137 723
868 134
284 198
89 782
952 836
304 989
16 704
418 199
600 638
264 757
75 338
794 649
795 148
756 118
922 431
167 59
153 386
544 437
584 632
218 535
820 874
875 835
577 645
385 528
634 648
284 708
986 429
708 780
576 464
249 498
894 767
908 398
153 803
834 88
434 404
622 605
277 848
791 205
844 175
732 477
823 367
536 160
795 244
291 723
59 540
572 304
658 479
701 810
633 887
897 66
290 870
23 918
718 813
122 913
988 205
390 162
923 925
321 717
520 963
439 578
502 10
881 512
840 582
321 824
468 218
890 109
87 264
26 156
76 499
421 63
55 810
224 977
86 896
45 958
859 836
535 712
197 768
223 389
701 544
212 520
113 453
980 551
716 357
59 792
855 479
206 261
640 430
237 77
677 281
34 535
116 921
247 313
40 821
53 740
364 264
611 828
717 590
379 432
946 789
575 152
267 781
412 906
210 1000
982 238
280 368
773 748
288 371
412 327
191 464
418 907
727 380
734 795
969 464
227 266
604 153
769 870
933 180
127 494
179 461
732 810
828 504
909 467
874 320
145 416
135 562
674 214
293 760
8 261
223 586
878 827
739 646
48 671
177 527
165 707
987 896
868 166
751 777
632 976
96 776
391 231
689 417
444 981
176 803
593 750
389 822
928 127
467 976
149 995
502 313
701 840
560 568
5 310
344 636
637 792
763 380
374 803
796 169
135 971
971 79
720 711
900 648
189 718
975 338
712 476
2 412
315 562
331 671
223 27
658 860
818 420
239 543
574 34
711 708
356 33
786 75
744 37
722 932
754 696
621 465
523 623
228 189
536 558
859 758
584 516
969 753
287 559
295 860
944 357
919 299
390 56
374 485
92 447
768 845
495 389
309 369
11 536
558 898
446 768
655 29
636 976
134 274
534 428
486 830
785 404
128 526
812 853
10 903
652 129
100 146
517 760
866 879
648 775
776 93
543 783
473 530
110 606
155 643
34 640
824 170
396 952
695 207
156 56
461 807
184 560
304 53
672 170
931 319
944 59
411 838
193 235
719 302
841 874
296 226
865 120
395 260
423 441
818 578
848 279
737 383
190 40
435 861
561 718
179 857
