776 941 46
968 176
765 269
368 990
564 593
854 683
339 466
105 131
283 35
978 913
771 360
455 162
147 667
75 864
198 931
639 138
976 958
665 92
578 32
81 141
976 287
176 666
104 632
796 386
18 125
651 140
837 457
302 983
123 728
198 320
658 188
810 985
145 474
429 74
858 861
566 185
147 741
851 250
725 998
988 742
475 990
234 311
446 887
645 568
614 194
888 623
381 49
959 877
522 387
950 731
248 515
916 394
608 118
996 332
115 335
425 941
676 10
251 121
896 247
40 509
440 279
483 172
327 442
48 201
828 997
931 75
864 198
821 471
315 168
154 782
854 930
722 529
940 325
1 835
923 40
696 715
319 178
886 997
971 934
197 799
282 480
225 497
677 45
967 344
564 472
477 417
402 550
297 341
226 297
527 149
337 574
215 7
104 100
355 74
385 552
224 667
31 449
163 59
845 482
754 761
953 582
177 706
132 474
46 709
122 925
209 810
850 423
816 953
523 523
379 907
74 602
925 456
402 440
866 599
273 972
359 225
553 887
931 36
712 328
745 834
604 953
643 454
376 811
758 250
333 136
508 758
90 785
213 843
576 430
441 848
401 151
424 954
38 706
989 749
386 85
934 989
390 577
794 117
739 552
366 71
39 225
828 128
9 392
971 936
173 763
783 574
914 559
879 303
264 219
403 649
656 337
990 45
265 783
161 3
686 878
425 725
102 604
204 463
995 526
398 519
289 533
444 202
91 674
856 354
893 258
355 900
594 696
944 210
830 104
212 516
981 988
592 434
591 795
896 937
673 294
456 961
826 899
514 268
573 369
621 817
626 327
716 572
22 11
781 204
114 345
719 446
332 662
879 923
808 775
211 480
420 18
440 597
269 953
864 193
673 836
9 651
163 76
222 536
86 354
739 551
698 809
348 382
470 226
656 278
352 866
757 771
884 197
367 152
501 230
344 526
418 704
176 580
131 749
467 216
102 206
118 800
366 465
533 836
690 188
113 394
53 221
164 288
769 883
439 622
464 134
147 881
837 674
812 967
422 279
534 523
836 651
674 201
467 206
36 509
393 500
902 798
721 417
85 841
651 876
462 115
9 608
347 198
633 159
164 54
789 50
929 624
52 602
824 519
160 212
27 904
63 280
701 135
696 138
976 347
13 789
813 373
397 159
570 381
669 86
435 457
135 363
432 538
316 608
56 475
171 434
731 233
65 783
720 761
920 47
459 284
835 623
9 583
133 578
964 154
15 398
610 501
112 394
39 427
1 446
254 523
880 984
107 944
118 826
56 38
872 866
673 707
840 681
289 973
611 252
126 625
1 87
478 112
832 516
891 184
961 144
706 192
479 813
488 596
638 543
985 862
761 10
568 600
42 208
924 652
812 401
629 812
488 106
924 319
621 814
855 933
309 560
125 139
372 612
86 362
506 423
575 266
432 494
218 473
701 493
477 512
894 457
676 733
562 599
51 534
764 905
818 424
817 942
562 540
553 999
253 411
421 827
28 852
320 597
677 373
90 505
236 983
961 911
715 874
861 117
407 624
374 224
399 190
518 312
729 422
311 334
832 83
160 860
287 832
456 315
204 897
819 439
879 779
350 945
652 210
62 410
186 435
633 936
976 150
600 56
924 910
389 755
344 901
966 630
732 774
944 287
670 762
725 901
892 426
845 543
988 258
952 525
44 937
460 19
438 59
427 361
320 167
468 664
67 785
645 150
558 589
436 580
702 513
480 594
290 676
488 629
934 792
153 977
80 965
348 869
375 774
582 695
940 49
710 359
833 706
508 743
646 296
322 348
160 801
293 801
476 132
430 409
923 582
738 2
546 85
223 921
858 804
967 149
852 28
507 36
733 367
778 379
14 99
726 525
251 370
325 79
501 754
839 424
336 576
777 233
660 999
153 869
802 471
18 5
498 876
41 231
594 170
609 607
269 686
131 871
55 456
949 907
209 788
682 896
715 459
129 727
809 633
595 963
104 964
319 601
840 359
183 433
881 143
392 501
828 874
371 234
329 672
493 890
459 174
785 525
984 265
251 793
898 846
107 1
809 425
953 1000
136 136
785 16
278 176
516 458
49 238
43 730
909 535
971 719
709 755
244 692
372 494
836 269
691 294
621 852
719 925
203 206
412 987
221 690
514 88
499 915
325 893
996 234
428 966
952 488
72 547
531 443
393 367
711 83
12 683
286 82
608 489
287 19
827 859
60 693
946 910
607 623
803 602
208 230
919 159
69 990
58 599
433 450
317 495
884 329
178 170
410 137
10 49
155 836
907 215
528 853
476 486
827 278
439 34
859 357
544 927
347 601
526 131
50 194
625 286
874 154
455 284
290 464
332 797
651 590
11 179
442 838
664 268
116 103
653 974
811 197
253 509
797 130
639 199
323 616
484 197
769 290
832 59
753 515
855 755
104 217
933 898
54 949
517 521
403 170
847 565
366 99
74 514
228 712
712 902
327 547
98 96
836 281
506 940
147 712
695 251
280 979
500 685
279 368
558 33
537 404
598 254
502 671
120 729
734 831
630 61
730 80
508 565
712 365
505 859
428 551
461 59
529 312
743 160
679 300
192 568
55 141
821 556
811 292
636 897
475 618
957 204
697 816
768 760
532 624
618 959
526 430
369 407
741 111
566 420
763 109
987 169
250 159
725 412
451 712
308 925
329 616
480 377
783 599
137 314
223 106
624 748
536 992
506 276
455 71
47 569
180 33
737 781
544 461
192 346
525 852
622 853
467 101
230 250
699 718
915 273
823 539
373 710
882 878
338 336
949 384
904 480
769 641
260 312
453 803
9 977
654 630
182 473
730 411
74 780
480 340
53 654
878 425
364 112
654 701
447 954
436 703
433 204
343 44
867 147
199 875
476 204
504 657
28 585
419 101
365 898
441 769
551 670
545 266
781 198
318 580
504 754
282 936
957 624
332 176
122 882
50 597
437 906
605 465
490 23
917 206
272 357
974 823
379 870
440 511
68 758
90 571
511 371
858 819
346 541
994 820
774 44
416 211
301 373
675 790
395 591
996 667
300 321
841 30
191 280
540 610
37 630
532 899
352 741
718 50
282 63
869 407
458 636
617 758
8 643
900 755
234 247
421 885
567 613
914 109
892 453
718 281
434 601
179 138
342 248
187 975
663 407
381 120
42 350
230 402
992 129
156 577
375 576
461 293
188 374
402 431
179 471
711 964
72 242
453 413
841 991
739 855
397 119
327 439
468 556
840 812
36 995
388 410
922 849
54 461
574 455
891 104
278 954
420 349
547 872
113 739
215 203
594 611
321 920
49 141
827 240
304 862
586 691
623 859
891 676
319 817
483 562
272 760
867 691
460 413
915 572
503 481
126 96
91 446
367 492
938 193
731 593
406 669
284 28
527 526
704 198
342 186
759 966
297 625
8 756
389 274
679 891
754 804
339 845
601 705
336 891
250 418
483 655
438 118
35 965
644 738
162 337
275 272
302 923
248 310
678 636
583 356
526 337
511 216
181 111
921 868
1 522
285 836
