528 723 953
562 39
596 651
552 933
277 823
234 199
70 543
876 57
478 583
934 814
445 150
346 556
422 213
908 943
849 95
822 923
48 384
961 995
386 864
927 663
38 513
213 459
407 441
515 884
23 449
49 820
950 394
375 371
606 634
665 807
729 486
729 128
221 42
122 607
905 49
269 295
913 833
753 671
273 620
555 296
420 955
467 369
349 841
739 306
826 755
112 906
240 193
33 461
234 155
419 490
555 39
784 819
871 889
489 144
508 395
791 279
350 257
647 50
449 737
355 274
491 819
532 730
11 916
542 596
70 312
85 976
350 221
146 221
461 635
364 320
381 506
598 730
762 244
779 210
980 486
835 470
304 366
551 666
634 445
261 55
756 345
31 106
917 528
678 377
514 41
696 895
898 293
976 659
888 107
220 867
944 406
688 247
124 239
912 757
683 172
811 790
868 193
895 785
721 572
513 234
964 209
480 861
853 808
871 741
914 90
959 857
496 647
455 619
237 718
375 271
241 537
60 108
730 307
244 450
878 757
35 194
317 515
406 169
322 277
261 587
718 572
795 565
570 601
535 806
318 261
428 558
798 487
17 527
145 261
976 23
17 362
568 685
876 973
205 549
601 466
487 671
389 281
235 958
881 122
115 550
382 542
107 179
380 476
57 525
736 384
899 104
746 466
788 973
790 992
874 743
809 360
413 197
993 647
506 225
768 620
775 502
513 233
32 893
708 89
769 795
824 667
898 569
484 685
894 273
29 767
367 189
478 779
386 822
426 243
47 545
215 173
398 727
757 430
971 465
870 739
611 693
405 509
262 240
545 155
865 925
273 231
114 102
10 851
924 787
93 970
683 307
494 81
386 250
862 356
66 731
95 677
423 851
537 684
443 81
190 307
358 814
889 471
916 898
321 839
36 765
160 719
424 653
151 809
902 12
516 968
742 962
996 164
165 532
200 607
964 741
265 321
907 153
791 822
403 463
12 438
580 171
508 355
175 658
515 76
21 30
395 114
992 742
630 508
273 829
114 589
921 378
909 827
530 52
1000 932
866 11
722 445
533 229
151 707
239 665
135 611
695 529
725 38
623 354
545 895
534 10
835 806
739 744
633 268
795 632
552 12
995 625
809 527
853 959
234 443
624 368
54 670
248 778
59 870
483 955
117 16
964 951
821 54
46 805
321 192
789 224
204 783
848 12
661 53
970 246
495 945
965 548
966 213
677 24
434 159
330 902
526 645
205 699
698 250
855 19
794 643
594 997
777 794
360 438
846 681
683 692
626 648
592 591
212 268
967 997
779 296
251 656
941 455
706 638
56 561
8 849
203 602
197 332
747 556
121 592
589 155
635 214
154 226
156 365
846 122
714 976
418 964
631 710
770 689
347 825
249 355
26 803
308 574
134 54
482 254
997 70
409 631
635 914
209 142
279 54
264 344
381 33
307 363
742 428
51 440
604 299
794 981
102 453
555 587
858 36
193 854
457 953
837 91
866 397
232 496
450 847
839 182
231 497
544 324
924 595
764 528
893 909
508 346
362 414
285 219
801 477
425 257
429 261
699 646
9 283
142 810
481 980
991 712
829 534
35 752
128 798
631 373
59 491
70 420
904 354
990 705
182 414
313 962
26 12
608 34
646 749
843 126
80 833
837 260
719 224
12 846
373 994
570 431
836 640
202 740
345 192
796 527
957 460
488 983
823 447
368 468
547 563
594 627
395 782
886 465
5 249
663 730
595 232
160 430
223 362
521 568
905 668
446 861
128 285
195 950
732 563
770 278
125 363
256 871
496 494
336 853
94 998
582 688
581 741
470 156
454 342
75 358
10 520
219 489
156 413
790 887
327 559
517 451
273 124
674 121
617 361
973 711
358 554
750 290
646 219
797 452
561 871
809 922
742 379
410 898
144 551
136 470
110 4
273 734
128 946
854 744
306 826
806 15
731 556
656 377
774 453
828 686
323 988
607 417
367 368
666 862
919 801
331 380
157 955
113 284
900 319
379 557
144 185
571 875
740 579
603 865
31 782
551 705
769 509
121 487
229 138
348 147
939 31
878 447
985 342
730 237
660 108
793 156
292 716
382 383
294 984
248 676
117 798
380 237
658 853
724 886
990 423
384 280
805 261
726 142
603 807
378 614
267 170
769 558
237 150
941 882
485 540
557 601
337 289
190 346
493 265
232 834
687 615
466 844
876 543
985 830
350 362
795 616
883 564
525 472
65 817
353 902
356 262
854 44
550 43
390 394
307 973
227 346
587 44
189 814
587 173
995 288
886 790
255 120
705 131
591 769
300 944
670 7
557 524
403 106
566 144
851 225
116 429
570 702
473 110
868 411
282 862
50 519
651 304
638 707
786 581
476 85
876 497
92 432
372 494
889 290
637 739
514 104
519 83
157 991
