192 24 753
825 886
802 695
888 457
684 595
243 264
422 327
139 270
770 570
642 263
810 931
251 548
796 706
67 878
863 409
421 886
514 597
123 315
291 363
772 326
309 14
590 82
692 80
351 462
650 992
76 459
274 679
359 69
384 777
298 246
537 70
132 50
666 606
717 308
968 488
634 276
853 575
357 896
654 60
357 655
51 433
466 677
111 824
745 846
952 395
92 488
464 575
890 130
180 606
789 500
445 774
127 649
348 836
544 2
895 901
8 297
685 473
973 147
648 70
992 599
464 83
439 927
9 680
408 189
285 197
40 81
322 166
729 670
1 272
23 895
172 30
544 208
855 516
354 502
937 698
101 400
780 891
679 141
570 86
681 206
634 720
286 956
885 14
977 886
285 351
132 809
380 675
16 586
543 722
88 479
419 540
231 550
430 909
690 351
346 370
556 332
89 841
287 974
206 615
211 490
965 694
650 696
721 666
282 263
739 369
93 157
908 323
706 689
583 396
39 281
117 946
612 206
138 250
531 343
864 93
832 828
786 834
523 506
499 156
120 589
524 213
745 783
887 450
823 822
197 213
102 314
158 713
871 295
314 401
989 177
493 173
356 630
6 230
136 856
386 255
444 909
819 188
44 706
989 866
527 538
79 980
203 588
44 73
883 357
825 871
533 317
43 240
946 400
469 433
255 854
40 698
115 858
237 158
563 226
23 441
763 453
420 317
41 463
389 275
171 213
497 703
881 892
294 178
291 763
611 546
616 650
595 730
507 832
239 422
409 614
214 171
66 634
839 458
448 227
732 619
791 581
673 671
472 967
848 114
729 810
11 696
459 606
778 318
437 16
91 845
981 304
367 47
289 205
856 737
783 940
707 573
520 379
595 343
