697 794 456
777 604
819 473
414 424
602 731
212 969
173 408
950 477
126 348
765 682
203 853
464 142
559 388
13 938
982 355
986 775
163 763
730 981
235 144
756 836
226 319
156 399
726 105
227 851
452 991
532 655
196 347
148 754
734 513
43 67
867 29
193 381
791 923
713 25
418 820
212 643
138 367
41 863
824 619
65 275
610 948
281 805
294 781
910 379
293 953
797 511
981 342
244 771
264 956
147 681
776 710
675 265
428 68
480 251
686 544
878 647
844 158
803 137
290 713
868 582
665 664
93 645
5 336
767 620
643 913
652 770
622 679
35 401
746 866
652 431
409 529
78 252
38 880
741 328
944 608
909 608
623 353
604 980
40 370
951 35
282 955
804 255
633 190
656 378
55 659
160 816
539 237
419 576
469 159
903 412
118 164
372 93
868 975
424 260
697 374
294 330
328 97
585 960
639 592
337 693
602 849
508 140
437 279
715 905
437 970
669 907
485 392
999 704
718 422
963 414
147 256
744 475
353 680
786 343
271 123
35 872
323 895
363 759
173 429
664 961
398 684
867 234
427 217
938 144
990 900
558 137
156 653
611 860
332 396
202 602
870 588
825 192
482 539
951 6
967 966
967 717
1 185
950 427
402 887
922 743
139 831
879 294
483 489
505 814
237 58
767 458
645 943
2 479
481 952
484 448
269 802
164 621
339 465
399 92
352 320
834 842
503 713
487 985
553 991
799 141
48 565
599 692
860 600
522 340
903 6
787 523
159 302
143 497
767 893
588 470
564 774
311 66
486 797
51 390
139 201
531 186
117 129
229 976
80 751
316 982
108 454
856 266
756 350
115 874
242 54
343 805
827 5
871 664
153 273
54 291
473 584
476 941
64 56
917 143
806 584
476 265
37 683
531 144
32 997
17 273
50 711
429 229
67 651
892 219
923 945
509 747
880 336
688 943
744 956
437 901
539 264
166 927
946 48
71 977
44 439
601 93
502 30
321 568
680 565
787 955
509 647
701 389
983 740
683 726
47 472
626 585
735 143
512 681
190 934
9 233
372 610
678 873
639 350
793 318
914 579
272 775
577 325
515 559
416 197
636 463
668 614
399 755
756 910
435 946
195 443
530 567
404 207
791 42
909 583
712 822
513 335
596 90
11 110
1000 427
659 988
241 326
953 639
432 708
901 218
5 95
661 887
13 416
445 804
458 353
738 169
175 603
503 122
44 866
232 43
292 890
382 884
567 334
522 351
394 774
568 398
869 228
636 881
996 81
36 453
433 126
973 607
728 827
81 771
692 312
165 983
553 547
866 471
880 740
821 273
513 389
23 733
968 658
966 963
738 353
767 523
478 739
481 557
566 561
679 257
224 844
592 776
742 809
599 973
548 419
598 413
159 620
497 127
629 462
441 719
167 208
241 644
946 73
553 511
634 231
120 857
426 711
985 519
519 583
492 419
353 89
831 512
60 327
990 40
141 430
758 307
637 350
302 935
423 854
445 56
437 916
264 214
626 248
733 145
830 576
563 183
16 745
46 75
423 35
114 563
464 224
221 453
573 523
387 347
728 183
754 516
99 18
82 76
617 166
572 799
741 134
333 756
230 378
182 653
412 647
567 227
870 788
679 795
662 417
141 741
952 247
609 402
264 690
477 880
855 49
678 947
534 10
54 764
739 235
768 150
881 334
729 103
473 759
249 134
528 389
227 479
987 835
880 250
524 356
482 730
756 511
676 290
873 729
53 611
315 820
113 547
505 841
649 978
599 249
463 478
990 689
956 976
523 835
226 398
543 59
127 298
569 802
587 441
882 991
52 196
162 164
95 667
356 95
996 306
344 458
784 333
147 739
308 21
926 885
419 468
943 545
117 512
699 56
304 932
46 707
480 208
222 574
226 577
20 221
235 363
678 18
47 176
108 355
197 33
239 615
852 534
511 321
397 561
376 700
845 421
407 324
980 628
249 205
557 268
777 791
631 455
160 677
630 267
383 178
652 974
792 855
507 655
175 255
567 550
306 411
323 64
734 302
44 334
859 600
602 635
742 584
441 901
612 423
167 995
600 170
320 744
25 178
750 199
432 316
749 737
727 423
153 812
76 196
146 934
795 747
921 536
682 713
788 293
487 954
639 439
124 958
534 500
487 283
698 918
950 798
7 28
220 159
840 296
354 337
581 500
435 853
387 116
918 174
760 404
479 399
842 954
708 375
453 195
9 503
464 959
652 822
986 224
332 177
519 37
513 451
536 947
656 274
414 573
799 174
976 278
924 818
583 631
544 388
825 553
242 641
863 893
462 848
116 794
377 986
182 241
437 70
540 444
343 953
16 142
478 991
771 401
160 705
32 56
444 208
608 685
848 822
578 662
21 693
807 397
679 988
638 467
57 177
910 752
481 277
245 959
619 15
359 779
71 742
186 515
950 145
199 149
966 776
810 986
821 616
383 851
956 372
317 364
900 578
115 380
854 359
690 824
725 49
602 796
142 139
310 91
283 860
592 248
636 401
234 808
369 968
658 676
691 326
39 590
903 154
321 108
512 11
283 237
411 885
384 552
375 693
995 658
904 586
905 891
986 490
698 706
457 355
381 499
32 772
88 286
925 409
393 788
419 676
376 181
912 759
732 286
803 726
295 707
311 200
597 649
689 647
706 498
353 439
996 385
210 436
670 486
844 415
273 614
442 1
794 705
759 877
342 562
955 637
620 265
836 568
265 876
214 323
373 919
761 721
303 322
156 972
807 351
738 431
964 179
431 109
883 190
337 225
103 291
861 74
556 48
641 172
923 207
494 648
125 606
720 427
927 875
750 733
577 488
516 892
666 946
1000 901
487 336
477 941
627 337
14 534
736 7
57 10
213 903
657 689
508 728
467 787
954 216
871 530
55 386
421 73
332 772
325 170
108 801
111 86
489 124
971 224
482 379
233 694
281 242
734 141
969 200
927 923
768 797
452 174
535 225
246 218
996 570
387 103
722 849
540 210
973 862
433 454
593 666
500 873
907 585
365 227
785 643
149 904
440 953
77 326
177 675
543 172
596 281
627 318
130 518
527 454
732 960
259 324
977 110
548 235
695 913
461 831
555 962
734 346
266 162
671 794
836 565
317 432
846 943
101 327
813 627
780 544
938 38
219 914
148 766
500 842
678 961
672 585
274 757
930 891
