918 953 684
106 869
1000 537
66 295
637 392
459 615
171 354
553 209
572 466
708 689
966 901
367 278
924 303
903 680
584 145
949 536
828 54
757 179
590 822
825 578
214 283
193 736
636 97
296 559
914 3
248 231
903 966
860 826
268 762
857 851
906 806
739 85
859 847
264 801
668 440
730 881
723 274
969 710
370 264
269 284
267 516
514 521
481 374
699 100
487 907
302 745
712 392
829 923
238 444
75 906
884 804
138 958
430 106
667 799
370 935
434 988
802 300
860 634
25 910
733 511
817 387
607 880
778 788
154 16
231 228
921 466
384 410
775 813
516 442
963 237
728 397
576 530
696 435
515 720
697 600
582 513
986 189
744 763
976 898
778 558
125 50
376 508
460 150
320 975
943 635
563 671
31 138
552 78
572 66
149 268
665 730
132 2
270 876
765 245
773 894
803 249
944 178
757 403
679 428
729 622
62 291
292 444
780 195
521 703
612 21
323 277
751 454
630 20
681 394
617 805
640 419
54 583
948 810
337 978
589 417
599 3
59 242
446 838
436 319
540 48
339 862
676 441
668 305
461 348
51 77
153 690
847 558
624 146
367 312
123 307
80 722
309 138
315 107
327 751
425 218
798 763
80 825
556 99
481 16
798 531
444 302
572 642
859 547
139 577
210 261
884 289
334 192
778 649
298 104
751 74
322 900
189 753
724 744
203 204
111 1000
87 554
302 10
547 512
557 685
89 118
297 972
407 983
515 536
983 165
992 733
238 313
984 426
417 707
521 619
262 631
970 700
536 623
710 82
135 618
118 223
735 767
546 493
749 412
381 83
576 372
815 166
36 798
943 452
856 464
422 469
446 391
169 982
366 230
63 500
199 533
74 933
299 971
778 399
382 158
481 310
529 647
827 564
796 769
367 3
584 140
471 30
882 991
11 247
572 425
98 770
309 171
55 607
493 832
357 875
341 189
536 221
835 362
136 982
130 502
984 66
641 807
95 522
149 457
769 721
233 218
490 542
389 544
500 881
727 857
107 67
397 642
287 232
3 422
565 485
275 549
550 915
707 996
789 855
804 909
575 36
126 417
577 866
960 77
747 687
285 205
105 681
847 744
264 201
165 829
685 792
729 586
58 787
581 846
641 384
106 568
772 232
984 348
97 295
776 195
981 412
400 438
445 598
181 708
798 345
888 835
488 968
420 546
106 353
391 99
88 497
666 859
80 1
559 528
295 686
75 628
98 826
65 894
423 245
953 572
941 193
406 429
512 178
974 618
530 716
716 617
564 381
828 643
733 738
523 27
423 597
654 872
422 718
765 844
962 70
767 903
262 173
331 773
702 656
390 231
371 105
199 935
837 378
929 569
115 451
948 890
399 601
113 820
671 230
15 632
299 782
886 560
306 568
684 7
223 74
589 946
530 787
232 719
517 160
639 631
963 938
872 361
539 985
181 561
566 195
192 864
328 430
775 633
349 458
639 572
883 227
869 765
366 100
483 882
611 473
864 573
411 88
286 301
72 818
861 637
12 404
852 692
833 626
324 182
435 963
105 670
541 325
434 258
424 268
139 34
740 355
959 502
442 596
802 865
413 14
501 776
418 704
467 602
681 791
135 467
105 591
136 997
915 569
255 690
836 393
76 928
747 34
429 540
629 583
404 41
596 256
168 13
959 635
967 991
425 101
458 881
692 593
877 958
162 131
648 349
876 723
276 974
108 57
514 736
639 917
128 586
173 295
951 483
281 917
474 705
17 931
937 60
523 814
18 36
296 665
385 523
739 660
497 846
716 362
933 706
630 412
292 154
58 242
637 339
158 462
395 526
392 332
586 266
497 955
302 792
971 686
667 709
345 515
554 413
876 838
118 505
249 409
11 306
650 647
644 807
108 39
685 851
722 270
116 218
576 417
361 546
454 27
254 799
541 159
563 768
348 680
625 596
89 635
253 90
633 897
249 740
287 933
942 8
554 57
577 129
826 937
674 631
316 279
429 208
789 343
328 488
23 952
83 463
938 687
552 570
935 152
661 221
84 602
580 989
10 508
117 187
797 142
818 112
772 598
671 912
941 998
399 315
301 833
777 238
520 680
807 454
832 467
27 267
420 958
256 782
466 724
968 262
218 137
725 989
735 747
253 27
745 651
341 397
484 469
635 355
148 441
808 979
260 186
598 31
144 853
812 609
928 780
222 145
268 298
486 2
44 738
380 140
388 720
537 223
188 171
929 688
963 737
666 222
922 615
605 417
819 416
377 747
547 598
891 815
895 728
168 291
465 548
430 205
267 966
779 807
488 708
494 451
796 511
24 717
126 628
486 944
44 862
690 590
460 933
756 706
660 924
996 477
471 778
681 89
743 459
895 583
518 388
33 313
251 408
382 376
36 867
671 431
728 713
372 539
997 128
245 656
51 592
484 521
369 164
609 464
975 856
46 844
595 430
157 845
837 538
220 872
404 243
654 483
955 26
22 951
153 618
958 555
209 442
75 930
957 35
393 283
890 790
127 485
219 283
329 55
172 901
279 575
495 932
409 449
957 782
751 461
399 708
15 960
501 441
889 458
476 633
740 717
422 866
201 640
500 882
46 671
134 324
597 628
256 6
428 212
787 178
673 538
237 687
497 738
480 385
195 955
369 286
671 790
152 224
781 3
457 826
674 942
150 270
921 405
627 348
968 414
877 992
303 113
31 799
850 510
535 396
464 903
682 486
44 185
709 824
187 517
1 860
458 150
482 378
906 108
77 874
873 953
865 175
66 895
973 267
404 859
663 219
113 344
705 156
528 765
331 66
282 332
278 91
833 759
469 739
866 545
612 91
498 828
265 915
723 590
181 478
448 843
697 913
538 753
68 417
517 399
483 150
82 760
241 914
518 61
652 735
605 615
825 454
443 442
368 517
31 901
994 830
95 42
742 633
794 162
49 663
560 883
812 993
994 404
906 511
464 558
598 421
172 774
226 966
215 946
482 245
846 828
427 940
221 520
924 367
681 325
29 592
207 192
584 201
948 490
63 411
399 660
183 922
434 409
888 1000
354 721
597 199
900 23
490 121
542 414
487 223
738 867
166 296
410 750
496 357
239 911
120 637
922 302
910 707
710 797
707 415
870 303
965 769
677 455
241 570
220 79
144 309
945 310
604 707
59 452
63 297
362 182
285 283
836 546
342 897
695 48
312 564
350 628
684 378
82 925
947 653
355 91
961 300
400 917
6 458
720 420
106 81
954 742
715 789
287 56
37 981
455 348
896 156
976 580
533 409
856 480
414 210
570 374
861 969
642 218
778 361
638 883
793 591
976 860
731 262
267 767
595 722
467 490
877 794
421 410
554 628
241 967
190 810
693 402
130 334
620 907
47 609
141 839
551 116
50 281
377 317
399 323
390 217
165 266
10 585
27 564
565 267
530 106
428 574
507 557
908 126
815 306
86 955
496 636
70 546
268 799
214 667
121 603
883 637
220 245
222 599
160 138
865 41
243 645
615 101
553 874
579 368
179 664
674 674
300 96
571 567
246 784
585 366
738 820
3 958
416 576
556 575
65 772
615 659
768 229
759 321
454 337
40 632
1 713
658 652
160 228
570 405
364 507
771 101
678 125
410 93
52 317
667 468
89 633
126 208
214 236
528 667
573 567
651 925
632 660
928 791
887 849
196 602
355 318
55 32
794 464
476 197
781 494
664 221
127 141
428 692
376 308
710 300
226 360
576 857
19 855
1000 258
704 547
211 58
216 265
442 9
81 917
557 861
763 572
433 241
712 212
932 439
519 641
91 745
353 18
953 723
873 304
980 576
850 543
985 417
807 426
777 887
695 333
99 457
904 883
697 967
95 980
758 965
620 200
61 324
217 366
47 89
669 378
16 871
920 1
287 79
778 416
317 472
748 768
280 4
650 328
322 96
307 79
61 279
630 473
602 847
838 648
935 507
26 951
729 297
303 367
375 80
782 692
552 530
459 183
885 460
511 206
556 817
637 968
447 266
440 49
464 278
696 751
136 73
701 864
370 355
582 96
434 364
787 337
245 597
520 129
57 382
686 612
198 322
579 997
940 370
45 403
647 92
153 134
517 205
997 886
559 579
333 345
294 120
681 538
716 552
666 772
933 703
735 483
377 665
479 316
35 523
70 33
966 575
167 482
131 515
719 690
445 52
386 738
523 418
