275 238 970
292 362
902 995
448 736
371 113
214 38
147 88
107 179
54 33
345 887
164 860
606 205
304 9
590 394
531 7
668 120
328 312
833 582
306 281
317 28
393 531
65 891
970 523
421 375
556 118
262 719
329 867
923 984
227 864
377 757
222 397
876 550
708 709
131 13
989 447
392 733
329 456
623 651
330 395
25 237
512 286
955 840
504 229
824 730
444 200
838 666
596 714
215 303
774 697
667 114
143 58
846 824
865 820
474 547
214 850
783 726
488 738
917 343
318 740
425 762
940 262
779 887
327 993
190 100
41 208
213 535
266 410
358 482
581 183
28 147
385 811
224 872
900 140
214 569
880 638
682 171
252 460
57 578
804 598
678 844
806 242
379 423
652 88
256 584
623 284
730 7
446 953
878 697
445 443
265 676
81 947
846 684
406 254
261 562
852 938
405 9
180 135
783 183
223 38
118 845
673 848
851 118
152 80
814 948
522 431
623 954
377 820
637 134
74 898
47 277
187 452
285 718
938 67
252 160
104 370
356 129
569 558
246 720
637 412
20 511
842 642
464 570
462 453
55 535
702 102
163 888
905 447
606 842
865 857
354 320
578 709
448 146
619 46
218 607
457 237
117 650
878 933
571 691
385 977
577 438
78 739
325 334
185 282
176 401
139 529
721 68
589 168
214 559
565 431
166 373
19 634
374 248
566 944
939 302
273 515
739 350
254 416
684 790
697 211
543 187
91 263
255 31
782 820
590 347
250 107
71 620
740 445
867 658
388 805
311 660
672 402
362 277
817 397
418 865
959 960
52 49
574 658
431 356
477 20
54 78
478 124
697 218
568 915
227 308
720 537
319 743
938 32
19 106
780 436
971 738
748 374
138 321
383 569
28 859
940 433
288 418
909 336
987 828
250 213
487 321
101 806
63 391
189 433
496 321
221 818
58 968
543 196
640 925
116 668
135 55
452 422
472 360
757 458
188 359
22 674
679 123
831 742
513 372
174 360
692 746
530 101
713 72
648 353
349 763
372 483
818 175
905 641
535 13
99 74
723 472
99 402
594 282
495 458
653 20
818 696
766 699
796 830
770 444
534 118
206 905
953 375
432 209
16 966
221 114
391 944
937 489
697 531
770 191
988 774
562 157
469 327
855 265
157 977
60 690
446 265
947 398
640 378
606 7
695 179
120 85
474 56
925 170
938 695
712 278
820 273
786 289
952 641
905 460
969 316
501 414
580 799
812 571
528 417
577 574
595 48
658 68
