456 935 589
745 981
300 22
800 925
808 440
228 800
696 39
768 11
891 181
943 42
344 513
569 761
442 143
707 841
152 775
648 86
715 393
66 367
766 218
643 925
657 870
76 353
260 843
363 150
376 305
191 719
170 112
831 963
254 538
155 757
664 803
195 378
547 260
744 664
829 738
589 486
607 16
838 218
859 552
368 586
209 910
304 730
21 135
692 626
24 198
735 687
1000 929
416 898
540 512
914 369
249 502
206 208
869 395
425 727
946 144
664 506
54 968
235 426
454 278
404 829
476 490
515 827
418 282
77 309
793 990
29 394
843 234
601 711
628 377
438 926
521 101
431 926
420 666
703 225
943 106
53 770
595 919
597 364
201 673
673 345
14 53
90 856
287 42
566 914
419 355
191 291
808 622
216 579
639 918
804 933
376 208
703 322
127 651
38 679
675 62
375 688
114 465
543 400
506 108
666 276
815 856
566 622
829 133
552 467
403 355
400 130
563 102
803 41
104 840
719 778
901 445
465 367
909 359
118 767
818 783
394 632
991 960
605 819
92 157
286 846
863 37
975 425
138 778
817 241
617 887
370 870
332 834
588 592
192 705
358 9
840 752
993 182
63 597
1000 506
105 637
352 968
673 678
744 162
455 561
754 424
447 123
645 778
956 232
370 499
936 79
860 127
182 852
308 244
800 660
102 905
296 805
872 321
482 615
482 937
527 236
360 974
358 4
103 666
587 824
516 522
903 375
1 436
578 308
32 378
967 133
282 615
937 505
935 770
471 416
706 998
3 417
971 361
772 425
378 358
249 893
232 503
268 232
938 845
891 969
222 210
453 855
824 741
711 758
511 182
525 216
179 528
985 149
240 756
573 617
114 173
861 345
675 128
928 613
325 818
933 898
27 386
753 202
478 815
311 988
996 188
556 174
715 540
674 306
295 599
274 760
771 134
456 446
614 735
410 938
553 694
835 931
79 939
485 909
754 795
896 749
982 451
275 48
342 948
705 989
546 978
100 669
464 556
114 77
290 875
366 194
568 552
477 999
843 961
907 596
755 154
696 89
957 322
488 298
270 193
638 167
522 738
835 985
293 300
413 934
174 130
128 94
682 604
444 524
916 350
471 22
855 518
110 811
840 598
461 109
142 98
275 663
187 462
1000 479
761 764
765 287
894 244
380 575
199 823
450 114
524 920
135 378
437 245
541 276
194 1
736 687
450 363
349 637
824 700
467 936
464 583
222 709
826 953
635 24
775 84
137 650
3 272
380 791
868 920
419 413
272 506
99 721
868 799
709 43
851 176
979 666
758 200
374 584
153 8
959 279
91 96
281 445
719 660
587 938
579 5
350 850
511 800
570 730
598 631
773 448
806 751
113 915
302 838
850 806
845 809
85 287
256 365
83 974
376 670
911 954
26 612
155 888
411 724
618 360
706 742
160 511
492 624
778 145
462 627
951 658
787 387
945 42
103 379
15 478
48 277
431 426
240 585
313 650
660 930
362 366
23 521
228 514
496 5
11 957
984 961
967 770
699 263
164 801
641 530
278 689
807 60
114 398
996 778
48 7
708 761
724 730
633 952
596 128
308 958
85 643
918 403
765 616
665 928
768 305
457 397
345 615
456 810
13 803
588 412
809 647
524 533
728 156
836 675
283 495
632 719
138 901
121 902
868 785
181 635
442 989
31 786
956 838
596 968
640 183
731 449
829 606
981 556
761 168
231 43
662 214
762 799
115 234
52 982
19 584
617 812
573 999
597 528
837 192
847 476
726 929
276 906
534 608
814 294
775 396
688 437
609 801
587 723
35 991
705 405
574 673
216 498
23 812
377 859
356 223
687 81
503 962
987 36
570 152
681 344
547 369
132 155
521 719
878 555
61 934
959 986
958 174
484 980
338 212
191 693
787 877
125 289
838 463
677 759
614 709
103 160
429 586
315 950
656 544
504 716
829 815
702 786
340 537
117 677
100 307
721 886
183 198
175 373
12 203
131 626
911 585
137 340
171 803
641 826
698 144
542 526
310 595
311 650
483 428
326 582
86 399
820 269
596 994
641 607
548 123
584 458
708 73
149 878
875 789
