325 418 142
821 238
883 174
812 483
103 797
569 580
974 183
96 945
977 320
480 228
502 813
596 18
292 356
136 232
909 384
908 326
877 80
563 111
253 375
593 355
523 514
287 496
696 734
792 24
405 272
252 906
436 199
275 727
554 410
310 462
146 217
139 22
296 702
485 900
76 77
607 950
590 893
797 637
626 589
661 30
860 264
287 647
462 914
373 15
323 34
828 468
602 966
842 897
19 326
148 446
754 754
395 344
646 192
332 623
780 344
652 991
607 291
989 420
204 713
786 878
746 613
346 347
931 539
595 949
216 742
395 969
496 789
664 493
332 348
116 463
691 119
805 650
409 793
69 612
505 855
490 250
819 187
948 749
77 542
698 644
636 444
964 131
584 628
623 916
327 90
378 17
209 535
18 617
327 87
581 184
293 422
433 111
960 733
860 388
274 909
31 909
352 994
391 287
973 366
202 299
455 932
668 663
466 685
632 792
123 564
975 415
337 760
526 296
844 737
683 117
997 65
378 700
58 120
986 383
837 188
681 292
471 700
306 936
385 289
79 859
852 406
274 188
517 151
835 360
239 869
828 235
933 557
934 343
677 919
725 513
458 757
156 928
457 462
215 193
102 294
51 954
51 676
493 567
826 680
278 64
548 105
298 833
662 583
175 690
502 251
554 311
7 710
239 815
523 805
7 624
98 410
929 500
85 774
66 911
453 343
326 1000
800 976
184 461
558 358
502 411
960 55
722 319
116 312
133 990
116 492
966 214
901 246
713 985
19 131
247 823
825 573
175 624
548 358
436 457
68 937
868 27
344 589
345 811
900 830
801 15
321 766
580 573
363 645
557 382
775 156
204 951
80 730
575 979
88 10
435 155
299 302
533 642
242 878
452 141
707 604
508 379
721 439
951 84
83 859
465 209
366 20
160 445
750 86
423 189
95 210
343 745
863 875
738 105
104 190
597 162
145 456
892 866
895 842
949 977
53 765
186 770
136 697
215 885
782 989
425 228
550 119
973 413
346 710
869 449
251 465
963 396
921 854
613 815
48 561
143 100
325 680
869 460
376 435
697 509
776 121
737 325
592 61
89 937
122 957
385 725
422 347
472 694
553 84
860 600
644 354
51 320
34 271
131 761
58 179
270 833
652 358
509 243
770 598
179 243
554 915
967 327
614 438
20 166
521 231
765 516
585 167
187 970
437 670
730 494
848 351
678 851
60 187
93 829
784 623
72 337
538 390
664 151
828 35
668 700
618 784
568 202
950 106
171 738
775 252
232 975
603 261
825 14
447 270
843 230
892 266
919 781
655 934
931 834
968 950
886 585
733 453
138 34
910 660
772 685
912 355
659 866
615 835
879 414
104 73
643 348
690 913
128 697
846 59
530 166
360 767
102 93
219 240
478 129
251 249
165 162
603 175
379 570
9 610
983 465
682 977
812 372
890 939
68 87
349 949
252 709
716 354
153 286
945 630
766 195
231 930
709 185
