680 963 602
492 153
456 588
815 546
480 770
276 254
774 649
445 231
558 700
138 977
965 767
542 106
410 312
643 329
874 627
360 836
581 851
341 36
790 507
581 621
276 857
874 402
505 318
632 414
369 121
390 685
240 284
143 1
595 785
681 468
764 40
655 344
891 995
379 32
853 960
653 129
168 878
882 24
196 513
437 916
985 178
601 224
461 743
577 55
879 257
522 642
297 177
337 539
523 716
570 376
27 222
856 546
100 737
569 647
601 5
562 585
182 514
161 643
608 89
697 487
345 571
480 641
99 817
531 621
884 101
348 262
674 203
807 773
939 727
771 891
731 685
476 264
198 988
906 158
76 955
644 772
877 475
413 975
643 295
947 878
395 295
491 69
849 649
193 140
375 316
30 105
1000 857
721 549
844 626
706 271
932 701
43 160
528 807
486 170
101 433
48 848
79 538
916 279
187 460
418 913
775 448
370 126
304 90
675 500
67 732
122 351
433 164
510 960
322 996
481 423
780 528
270 858
418 537
488 956
996 906
868 123
705 237
248 8
678 922
859 745
654 981
95 438
496 604
397 818
951 877
592 730
757 861
939 526
397 427
481 744
332 700
866 36
289 466
395 966
387 606
62 392
938 508
829 433
112 577
250 414
454 193
144 562
53 82
87 801
860 919
897 191
970 762
578 610
227 325
576 966
930 989
357 867
497 538
651 960
114 253
373 919
445 516
832 850
950 918
650 809
188 546
352 510
660 281
119 238
605 46
555 886
35 264
104 883
801 107
842 266
359 566
537 803
434 368
4 383
638 654
543 825
551 246
686 562
527 805
800 483
850 706
721 236
969 824
118 121
930 311
387 640
877 923
795 310
290 798
44 279
803 938
456 354
184 141
915 62
945 66
544 147
772 616
382 92
440 500
213 721
162 951
713 38
225 507
699 866
656 742
145 459
680 600
812 215
740 78
276 37
496 171
183 619
787 564
710 578
415 274
650 577
576 362
966 800
220 665
18 228
758 162
686 437
113 849
651 204
278 278
240 773
449 422
391 587
338 453
164 104
78 165
32 654
879 998
805 98
14 174
325 771
335 362
208 799
210 210
3 840
840 242
612 640
16 355
226 705
159 741
808 236
905 192
241 783
189 398
233 202
571 909
324 258
271 531
56 832
93 410
671 284
652 635
923 19
989 148
723 499
240 882
86 144
73 679
927 613
76 511
166 998
419 490
607 689
372 15
873 816
424 543
99 427
529 21
445 869
520 519
367 759
753 453
255 825
131 533
790 558
43 955
907 461
444 514
502 168
528 374
983 951
268 82
378 797
454 174
665 326
45 384
436 797
188 42
973 318
574 762
227 616
69 133
429 864
998 930
31 877
655 14
828 922
447 557
718 252
82 735
577 126
118 365
274 657
406 247
974 980
8 552
947 76
36 727
940 386
8 322
262 662
687 441
584 133
349 653
737 431
387 665
908 856
29 182
864 787
428 837
118 787
740 64
215 128
143 506
513 150
827 774
812 514
567 395
998 915
399 734
345 138
399 253
345 779
786 209
565 213
397 682
351 137
98 565
264 240
422 128
389 249
253 552
114 819
946 111
734 697
197 78
834 947
682 178
725 467
386 290
31 783
323 734
271 420
650 534
11 72
13 752
672 265
303 785
84 601
247 817
297 795
246 130
741 280
307 466
98 45
107 129
827 781
862 97
201 863
982 563
934 346
314 605
610 617
741 693
569 988
861 865
782 459
346 875
738 4
692 835
48 798
315 226
930 528
322 130
391 655
693 324
1000 358
929 610
974 21
654 542
8 867
758 142
325 103
16 414
107 59
248 506
208 563
732 137
442 53
267 832
60 311
156 59
668 436
20 994
456 26
887 816
244 645
309 568
99 676
981 557
734 580
63 941
142 794
77 584
198 695
767 257
357 922
668 377
709 687
722 517
64 608
684 307
604 344
226 55
19 206
611 104
786 673
44 279
466 472
214 664
167 981
272 875
254 939
251 315
978 972
183 393
932 866
700 535
561 925
589 579
483 552
682 620
224 77
898 42
548 464
57 66
796 328
941 49
619 543
715 948
515 897
340 446
114 39
332 674
316 921
604 798
824 285
417 47
713 666
440 613
481 496
678 276
176 970
325 146
513 391
93 27
288 432
824 753
823 155
427 138
427 30
935 250
667 703
649 731
720 440
343 201
288 21
476 463
990 152
960 854
543 52
232 182
835 55
934 657
562 712
794 340
94 80
942 112
134 590
842 206
29 185
406 316
557 233
130 898
737 441
752 279
844 335
812 679
742 97
687 303
161 833
994 254
264 935
717 398
876 558
955 905
94 360
572 650
944 54
548 680
846 651
310 690
985 121
368 726
570 406
380 730
238 374
335 502
308 403
251 184
312 205
440 406
916 363
407 859
768 954
539 614
604 848
303 941
321 22
666 242
427 46
971 17
419 657
518 78
59 768
261 370
972 52
127 887
415 534
97 534
487 635
147 443
835 801
735 155
174 400
396 601
797 718
617 567
726 486
645 784
605 257
505 576
661 632
814 75
517 262
608 3
897 107
797 731
907 531
237 81
283 984
33 79
53 1
998 778
838 642
913 442
250 769
369 910
752 182
336 268
443 296
623 691
402 419
773 660
302 361
92 936
696 124
14 748
476 11
877 313
4 141
754 606
910 122
515 661
655 851
929 450
146 903
492 899
321 265
558 974
977 2
909 673
125 275
772 953
637 1
617 641
141 723
246 402
196 112
63 203
314 343
652 811
245 495
709 917
111 619
243 88
620 503
112 96
777 883
400 414
883 17
406 376
739 3
777 934
114 191
136 780
885 139
590 481
634 299
750 744
269 992
183 240
494 294
335 623
529 735
388 763
751 145
138 841
147 267
126 612
809 262
391 46
752 333
526 737
983 627
833 251
618 15
490 464
661 824
438 189
910 825
303 12
969 441
852 467
59 330
430 219
943 821
264 694
153 142
431 135
768 615
737 738
981 226
553 641
401 990
181 663
166 484
674 486
276 878
952 334
207 381
904 149
553 168
842 57
661 624
543 780
590 279
517 571
856 69
211 609
410 744
271 927
227 944
412 502
821 715
187 379
