96 90 527
1000 609
721 57
621 696
951 401
286 230
917 208
85 338
418 693
99 513
315 26
739 259
789 240
431 504
778 810
951 220
688 302
828 408
358 801
456 661
201 741
890 469
948 326
806 717
371 257
230 685
634 320
295 422
912 78
277 689
887 227
908 926
529 88
686 238
888 141
898 88
233 139
908 532
465 66
600 187
322 181
223 955
501 518
728 412
595 5
452 833
231 712
758 111
799 795
349 38
935 598
477 519
737 384
50 553
449 650
91 122
182 313
76 682
182 156
445 776
160 897
960 742
960 718
853 758
512 553
147 799
502 623
317 590
358 719
494 807
720 584
280 901
249 356
583 430
863 379
558 22
627 517
115 586
586 967
695 450
871 841
248 725
815 916
314 173
986 808
331 705
743 610
606 343
317 540
773 179
918 682
552 545
198 667
482 136
985 177
585 208
17 184
