932 184 451
597 708
437 404
38 141
499 999
98 841
668 637
965 198
907 998
750 803
548 768
284 683
104 460
619 311
829 802
242 364
604 839
71 40
594 460
533 444
458 630
637 125
619 953
323 525
951 424
327 498
191 962
532 294
774 150
957 954
951 550
317 906
740 739
946 686
198 830
129 655
459 765
132 429
70 806
953 20
229 631
869 771
593 400
416 718
549 372
671 851
922 339
756 661
77 53
698 274
882 827
280 693
943 411
121 12
568 426
383 796
56 603
918 1000
2 334
69 902
57 739
752 330
429 860
343 505
264 40
130 498
218 762
190 161
524 662
524 92
87 907
239 495
861 157
494 863
842 563
764 250
653 868
580 434
79 274
938 342
313 420
839 531
181 380
43 704
42 566
147 480
824 386
974 685
894 820
899 87
734 662
336 738
881 267
171 959
540 109
653 853
880 843
735 412
575 777
115 616
342 614
447 518
999 421
202 892
592 100
330 325
113 665
62 994
932 233
304 471
693 308
675 924
503 409
335 77
185 801
44 879
414 490
396 412
262 949
655 853
48 984
177 512
1 591
857 284
175 513
754 867
820 781
790 674
541 476
750 78
276 145
956 690
635 703
453 896
651 108
101 50
443 277
561 443
219 770
726 393
282 832
259 453
964 400
127 504
875 228
581 151
373 888
192 7
590 644
254 592
103 354
641 898
983 554
340 201
323 418
946 604
601 556
408 916
956 534
419 182
114 352
684 486
239 875
844 829
871 449
420 973
803 413
870 137
966 562
689 640
331 634
595 283
190 2
198 497
888 968
678 1
319 714
838 910
940 681
738 810
129 509
135 283
273 356
419 590
269 108
229 951
93 823
233 282
177 782
778 416
102 808
768 772
521 605
681 812
637 770
974 117
279 108
400 903
815 170
493 84
629 721
34 722
896 619
3 424
752 133
839 853
940 606
625 812
562 305
975 198
75 948
314 705
55 65
607 870
235 99
305 863
172 338
584 419
308 939
842 60
71 32
912 362
989 536
525 550
193 499
747 619
447 412
323 853
477 281
74 711
380 378
925 903
68 509
321 375
447 514
434 869
545 698
230 533
585 106
434 777
604 532
395 402
943 69
607 419
350 680
481 81
410 406
335 477
266 655
203 64
520 637
932 416
686 513
948 270
618 733
399 573
264 145
327 206
214 933
977 915
964 809
995 373
214 329
201 831
335 404
894 854
392 177
269 77
41 568
698 658
652 96
583 915
241 909
472 806
193 448
720 156
257 66
881 822
746 81
5 80
836 250
285 579
427 905
655 467
824 353
477 475
800 59
741 40
319 212
845 863
12 916
370 620
981 250
441 726
683 797
157 518
47 793
97 473
697 103
291 872
807 767
698 607
177 438
998 847
2 195
709 13
110 79
632 91
680 424
816 362
221 325
232 267
117 680
91 166
782 381
37 941
148 87
899 676
524 896
523 525
90 231
889 200
661 520
642 341
944 809
702 164
133 285
782 250
964 872
415 98
604 803
38 751
889 936
779 765
183 301
641 273
883 530
824 544
49 465
236 344
273 937
859 406
222 640
655 537
863 421
634 467
223 23
569 464
310 347
228 493
999 220
117 882
749 940
777 150
756 12
845 28
300 704
433 873
695 439
410 558
211 395
376 786
770 296
249 79
643 828
923 993
47 391
874 148
330 2
297 85
365 493
465 665
196 249
537 243
688 298
152 250
45 527
35 814
822 635
244 816
462 519
809 861
909 34
8 591
36 656
675 752
500 491
416 696
740 305
938 779
954 89
28 998
967 415
811 788
49 407
956 863
925 764
75 833
797 434
423 184
441 450
936 940
940 703
987 679
7 924
809 961
364 837
310 682
251 121
470 651
879 777
513 803
540 939
635 688
372 410
224 812
211 511
752 150
213 738
181 572
14 989
884 729
177 193
411 427
665 232
430 895
8 294
697 899
233 684
586 604
445 809
416 655
671 519
156 236
608 336
807 973
677 42
702 205
586 464
632 603
695 413
497 54
706 194
952 938
229 537
542 673
698 309
327 720
179 482
955 786
170 113
111 198
154 812
402 92
275 385
694 321
797 190
374 503
735 677
440 963
565 333
987 262
641 313
334 171
147 288
309 668
401 419
865 554
230 266
997 856
651 690
528 799
232 253
301 318
929 93
633 493
425 619
107 418
284 440
588 430
727 896
97 127
314 313
33 895
930 29
102 932
71 629
731 302
881 383
619 161
475 251
654 900
222 760
669 505
551 608
286 277
504 382
756 169
46 140
416 975
520 517
907 590
498 637
891 378
19 862
539 846
464 544
745 685
655 765
189 205
372 474
481 227
207 588
396 604
727 163
579 247
679 485
188 176
473 431
906 843
292 796
688 107
691 784
792 345
548 332
549 920
158 381
146 364
969 893
968 47
55 898
645 86
734 833
613 206
263 870
48 906
17 736
12 707
519 155
51 419
487 951
690 644
332 187
359 652
80 678
698 486
575 343
923 308
527 536
513 789
405 913
46 422
1000 57
128 518
212 531
288 50
481 977
693 812
164 403
463 595
81 513
80 655
855 3
963 381
890 827
521 294
91 566
67 90
974 195
608 537
77 247
586 557
224 630
721 387
385 535
981 465
399 412
119 605
766 433
337 655
612 857
301 702
774 367
792 100
913 751
636 989
997 574
898 220
555 970
958 939
856 290
403 255
54 874
211 819
658 548
826 269
756 126
323 530
492 114
629 405
216 616
745 564
189 994
784 96
963 93
34 171
383 437
777 436
662 987
606 319
534 431
940 290
556 262
171 400
727 799
156 294
766 900
857 307
894 992
402 208
85 435
378 819
223 154
606 884
493 211
555 26
994 494
315 901
107 485
300 185
635 455
478 401
707 686
707 952
678 108
511 114
894 241
932 117
746 889
352 238
99 906
264 444
751 930
345 209
415 996
745 401
451 574
153 509
260 211
812 937
670 322
50 564
562 333
680 308
221 383
545 671
641 160
115 743
90 811
952 856
806 696
256 608
622 409
116 881
971 927
169 641
249 570
204 162
902 235
821 474
617 366
144 257
877 610
1000 966
420 303
821 226
350 429
833 971
189 301
851 159
227 19
799 827
588 2
341 841
588 161
314 205
878 810
813 755
419 164
72 839
818 893
416 168
673 248
138 861
900 341
371 127
711 170
305 651
523 645
491 111
158 157
667 35
966 479
789 384
995 861
574 812
105 989
331 777
589 469
989 488
161 359
966 223
880 623
873 403
619 716
513 776
224 179
163 189
9 951
924 3
163 850
167 619
190 497
747 778
317 735
618 477
446 935
52 325
909 924
727 528
991 239
655 566
769 817
754 778
120 30
132 282
879 298
901 420
795 647
198 111
734 167
940 179
453 991
855 362
266 582
241 609
172 247
174 941
64 280
70 535
309 553
168 539
851 420
958 997
67 507
107 152
25 398
682 478
388 536
191 6
469 783
614 641
29 787
933 444
66 354
330 726
906 498
616 756
917 574
752 335
432 211
486 457
608 519
286 348
55 828
353 523
610 318
515 990
104 799
786 522
152 115
599 410
612 215
165 529
788 269
863 219
831 701
27 790
219 664
137 625
491 841
148 100
158 14
442 614
813 227
135 316
341 733
725 305
947 242
833 86
862 47
657 692
99 35
833 318
699 322
942 189
162 441
641 672
455 82
285 619
308 771
934 1000
855 659
304 154
900 488
591 113
887 247
804 985
282 988
654 332
309 596
520 471
388 160
494 194
241 778
812 900
900 98
252 754
108 907
907 359
395 498
471 633
96 626
617 729
613 271
60 922
218 932
744 605
91 237
151 684
366 314
935 265
411 186
18 870
93 277
228 839
126 698
823 573
323 439
654 288
61 713
209 630
644 952
587 87
540 737
770 905
50 56
169 813
242 538
682 686
166 910
876 643
959 50
216 634
488 869
921 901
933 129
530 929
432 116
15 971
852 136
875 254
191 395
66 784
932 747
821 98
8 48
740 967
97 307
600 937
527 872
837 460
352 718
740 783
186 754
105 37
889 331
642 431
725 59
567 656
806 387
105 165
787 845
483 883
503 434
819 30
305 7
841 656
77 580
790 262
685 894
650 925
224 292
355 300
350 921
956 507
660 60
672 446
256 506
680 759
940 851
140 244
209 980
900 285
559 41
546 595
935 196
519 510
487 873
810 188
146 117
695 157
176 718
954 432
575 633
542 514
483 681
758 44
660 9
328 570
49 874
516 335
69 34
