197 907 258
6 94
403 474
140 911
649 209
864 432
784 849
325 297
683 5
406 726
16 766
54 937
815 927
452 501
347 485
697 605
743 54
698 497
527 190
760 528
750 623
959 885
471 636
534 506
640 939
231 8
705 284
944 871
562 748
371 260
584 420
864 326
473 914
175 1000
103 934
527 204
908 837
89 731
472 622
236 464
912 818
471 968
454 766
190 367
865 913
627 449
332 490
126 156
755 300
507 857
585 33
413 845
222 501
575 45
474 162
508 737
331 330
705 784
448 246
151 312
158 777
760 841
618 238
997 373
537 503
581 474
888 345
670 461
197 244
505 670
757 365
759 87
46 815
223 493
60 373
157 570
501 916
410 470
505 406
194 42
261 775
867 148
119 536
608 316
131 464
337 239
828 95
677 874
261 899
718 321
271 874
890 123
142 299
593 646
57 786
39 317
912 905
816 383
792 775
50 274
238 386
512 66
833 189
291 93
87 8
765 710
234 6
832 375
657 776
20 713
562 411
381 825
667 548
207 459
322 256
84 559
994 596
976 826
136 618
270 574
626 387
283 859
392 467
585 48
594 604
112 155
366 492
332 33
391 538
843 712
794 926
623 787
873 950
964 8
568 585
582 545
971 216
755 363
34 339
410 628
294 522
134 660
365 465
692 108
355 534
819 148
811 793
286 684
95 601
691 662
185 624
558 508
192 312
870 577
2 631
556 295
504 690
306 221
506 997
328 212
882 146
359 693
291 996
728 385
596 418
398 133
394 955
640 585
618 861
513 619
491 69
265 995
110 571
215 615
919 894
827 153
39 537
197 681
885 924
417 832
341 814
964 86
120 955
22 89
815 535
59 658
603 324
4 712
246 570
678 164
463 856
668 853
393 864
534 629
787 302
460 480
116 776
565 587
