730 939 28
897 473
86 554
75 761
909 138
6 478
815 522
940 671
189 792
415 53
677 43
191 979
502 670
446 629
587 32
711 525
411 607
997 849
512 423
609 420
560 615
897 726
136 188
748 324
979 162
728 656
204 919
634 58
940 79
686 526
462 748
402 225
354 750
73 217
172 681
988 83
647 236
161 134
423 908
810 754
70 537
761 625
807 394
682 747
824 720
272 637
467 674
213 173
423 285
741 947
318 729
381 964
964 541
98 739
801 907
492 870
795 252
846 602
997 880
348 172
599 971
160 417
996 373
941 771
657 682
717 974
762 449
290 77
342 739
815 142
645 658
363 791
261 208
392 257
87 91
780 37
62 292
806 57
664 746
827 672
779 895
998 540
696 287
969 37
25 135
530 21
793 892
163 53
451 555
662 890
997 793
926 58
84 731
467 747
829 645
771 607
540 768
499 587
406 467
623 782
601 504
154 745
747 316
150 197
870 811
86 219
955 364
276 39
94 94
137 274
739 259
233 630
26 731
216 783
549 190
564 501
693 69
246 439
385 395
987 254
557 73
472 863
788 100
901 233
545 390
507 283
648 739
264 26
821 479
160 369
20 76
869 712
144 466
502 528
212 489
134 768
913 957
631 700
56 883
932 953
624 790
235 272
528 499
649 348
329 808
68 349
883 289
412 27
754 914
906 966
754 39
85 666
996 67
717 403
302 1000
355 925
790 942
548 669
440 548
17 120
356 436
468 590
724 880
968 478
793 874
795 898
264 231
563 259
298 631
14 951
630 368
875 771
309 775
440 100
322 808
220 677
243 39
619 967
918 938
796 62
811 942
959 75
172 873
685 821
855 698
771 837
418 998
607 78
772 398
178 93
205 749
122 800
139 92
118 409
29 265
822 192
206 133
266 729
5 302
902 212
352 24
48 769
373 6
846 144
404 375
589 608
475 62
759 614
153 876
22 533
140 843
724 697
975 341
778 332
643 679
543 994
54 942
114 427
947 959
922 350
686 510
310 160
923 68
773 427
296 146
960 787
341 683
484 667
376 261
998 18
291 892
363 344
833 476
770 132
786 692
481 471
553 142
631 476
562 755
254 857
901 213
643 593
248 478
259 623
738 257
992 28
500 354
372 685
181 493
816 966
184 648
437 737
790 67
564 351
821 817
559 73
30 553
665 629
31 924
603 768
532 594
148 31
299 871
67 479
363 882
444 547
882 880
635 23
298 198
373 119
14 283
543 395
835 208
23 865
131 625
985 14
570 484
396 868
354 463
346 68
696 790
614 577
21 600
599 319
797 323
789 163
957 331
557 144
538 932
8 20
908 344
33 478
827 781
345 180
243 43
248 290
832 213
219 204
813 169
874 961
844 662
123 800
993 32
943 882
963 303
254 870
646 638
347 825
418 44
356 660
86 955
302 917
168 520
472 332
688 346
644 531
7 119
683 351
150 977
585 112
279 838
981 277
475 680
101 893
723 456
904 808
411 205
76 930
76 547
613 116
244 256
998 251
374 680
953 523
657 537
986 287
374 319
563 201
998 15
93 720
471 348
527 233
905 602
162 980
500 774
95 744
381 445
346 107
124 650
981 132
539 967
771 912
637 685
464 634
700 908
353 170
256 231
402 160
184 915
491 35
40 938
778 772
382 475
878 857
477 211
341 15
529 111
926 165
795 742
798 494
649 502
15 904
84 768
415 267
34 906
301 73
843 431
845 576
257 74
432 733
636 772
747 516
234 25
680 381
766 829
226 414
682 241
670 765
360 84
31 394
989 684
818 183
466 14
758 722
440 542
455 75
665 553
591 251
577 622
631 342
451 856
108 132
448 777
249 160
860 631
553 201
314 370
735 779
736 845
853 175
386 659
601 402
211 191
652 788
165 634
481 615
490 940
98 289
716 346
448 928
977 352
480 642
722 214
773 809
410 625
983 147
283 583
549 493
126 552
632 290
186 465
256 27
404 353
315 472
51 763
751 379
114 582
372 187
795 144
995 557
120 329
703 402
912 251
247 389
803 230
678 340
694 933
366 450
637 680
273 39
794 23
769 260
604 141
798 750
284 145
306 404
473 9
157 736
611 755
124 765
985 153
104 30
437 469
831 74
501 103
464 646
125 233
905 80
725 703
830 8
199 487
763 671
847 272
759 458
378 234
574 362
387 678
744 175
498 574
248 350
677 64
996 153
296 900
233 20
954 62
379 152
900 494
175 747
117 933
556 494
166 129
208 904
158 951
79 8
876 678
357 552
741 352
57 388
252 289
759 557
702 490
709 601
335 235
347 803
167 254
296 684
383 855
588 892
805 18
899 33
47 256
936 140
607 992
527 210
280 638
119 981
479 179
582 165
413 280
967 579
534 614
614 268
469 553
159 625
570 410
657 617
665 593
756 623
584 634
185 864
623 303
196 453
481 777
617 893
409 935
823 294
549 436
913 17
989 423
641 910
832 298
878 496
242 985
471 825
619 655
688 593
957 884
398 789
12 14
681 772
949 503
417 849
938 329
865 278
752 857
188 583
154 65
431 395
402 901
572 20
555 611
964 863
494 361
651 858
727 683
981 27
185 398
875 474
726 739
104 829
595 291
412 101
707 194
847 108
94 418
479 1000
29 795
214 874
507 864
83 233
546 64
611 82
813 485
555 890
575 10
719 522
652 482
622 359
675 820
818 120
238 649
471 618
795 684
843 301
547 926
886 444
341 496
525 505
981 431
394 907
441 464
428 92
297 401
802 323
221 972
442 810
972 912
779 766
947 621
418 493
898 303
288 238
151 164
94 483
595 488
389 387
303 817
830 600
569 984
274 789
307 68
950 278
331 728
395 278
701 164
122 598
819 410
188 969
573 281
803 519
120 191
257 423
359 439
374 928
422 999
68 80
66 18
709 397
97 103
674 797
618 795
395 436
556 934
756 129
214 558
999 686
101 608
108 459
46 833
738 819
183 806
898 249
175 606
645 271
60 670
420 677
464 166
465 372
99 220
500 312
130 850
349 230
457 456
40 502
640 778
672 175
935 569
423 109
174 419
731 233
88 150
262 903
315 726
274 765
297 125
429 778
975 777
359 783
585 399
637 576
528 308
750 462
877 172
922 402
590 652
987 29
154 248
284 820
325 557
585 973
34 13
751 8
789 109
142 725
859 778
301 386
86 50
847 314
574 768
715 515
772 701
544 925
948 827
744 624
735 328
597 768
692 347
127 833
807 621
557 666
398 857
51 835
259 250
148 832
17 863
346 140
563 241
64 863
419 160
486 506
839 82
273 531
780 752
715 587
724 271
252 121
480 302
956 90
903 103
921 920
317 618
