525 522 788
511 285
952 936
271 696
421 461
546 465
256 733
572 848
403 310
752 935
939 870
59 591
35 222
362 967
392 579
491 913
366 1
549 670
937 819
365 709
279 262
525 886
347 96
734 101
405 837
35 695
707 93
286 93
666 999
59 58
577 549
970 294
901 871
963 189
689 679
249 320
941 774
557 639
869 642
739 626
479 774
320 537
218 957
629 884
307 39
941 235
939 262
529 839
132 843
380 173
522 628
844 814
401 400
452 622
42 542
599 520
667 270
408 885
579 36
768 885
426 60
120 364
673 1000
554 805
842 933
329 363
913 172
528 665
923 331
638 964
873 588
835 539
858 594
423 436
629 542
672 406
601 791
769 274
790 675
430 632
959 110
346 871
633 226
888 555
556 877
871 780
465 57
319 322
651 93
109 631
635 780
37 235
923 157
860 64
831 289
47 790
398 745
660 30
970 899
937 877
776 807
657 240
215 327
913 865
419 373
496 405
504 884
992 426
40 851
842 871
492 888
660 241
984 671
623 953
570 559
830 697
717 838
936 931
164 200
796 934
572 643
339 75
526 330
853 565
532 46
787 23
933 446
616 917
469 238
221 38
148 402
734 864
591 21
146 754
220 941
40 143
935 378
569 812
59 773
377 590
818 515
965 103
961 580
371 429
169 591
818 316
345 903
179 935
923 324
689 494
617 728
636 551
457 204
715 515
329 91
456 146
605 772
248 917
351 618
697 871
209 514
186 905
768 364
839 690
40 879
535 656
606 522
558 414
78 272
280 406
714 88
551 671
859 799
939 562
768 636
432 976
501 618
232 269
333 71
310 372
949 845
379 907
366 289
320 795
912 952
200 978
39 751
1000 897
901 938
810 668
925 242
996 778
211 227
398 543
297 59
267 246
255 645
152 621
285 823
767 549
774 967
526 164
717 877
413 617
166 222
284 91
463 279
220 673
858 969
216 154
27 834
399 282
830 902
254 115
77 20
663 202
986 540
366 54
416 778
670 581
999 306
23 814
936 594
838 793
562 53
947 589
238 697
870 68
951 123
182 27
142 196
580 480
735 945
533 502
74 555
82 425
860 457
238 147
50 75
940 612
480 238
200 717
286 421
136 588
895 317
966 388
864 546
867 598
842 400
99 268
954 533
692 165
989 281
311 38
707 602
1 186
191 552
255 477
972 742
416 866
59 382
606 922
927 472
872 120
871 322
387 176
854 78
340 842
358 3
232 417
604 584
602 147
136 208
975 459
950 390
325 360
771 930
633 49
753 856
169 976
178 555
151 31
985 843
225 694
845 808
110 800
391 64
946 526
271 920
985 572
310 661
283 432
942 268
481 694
123 649
21 300
555 172
683 539
366 259
233 562
66 342
361 456
405 659
334 28
930 670
951 591
330 586
23 623
853 855
668 975
855 689
627 409
212 661
300 577
919 532
490 984
225 850
791 982
860 124
9 790
793 311
380 474
896 754
448 100
608 116
427 462
156 53
223 719
65 874
647 983
405 136
966 981
985 108
962 197
232 322
986 376
985 717
202 880
471 1
332 430
116 758
244 623
162 466
341 226
691 987
208 95
122 525
427 459
632 741
7 215
414 992
943 398
60 496
630 530
496 961
960 612
70 555
586 583
372 927
808 62
265 367
508 739
243 934
549 874
26 555
441 440
546 383
837 605
878 818
487 373
778 798
336 199
352 274
781 723
200 940
784 816
306 643
554 900
576 102
774 602
656 566
393 553
948 581
510 177
399 996
901 528
145 237
727 848
862 859
570 61
799 705
228 456
347 782
356 274
235 481
227 243
46 619
795 993
200 656
521 950
3 421
477 147
9 203
994 870
414 915
282 212
971 510
667 669
643 22
943 877
854 521
119 899
492 266
891 43
921 763
992 924
184 468
422 544
23 768
414 436
682 695
999 653
556 665
673 198
39 615
75 892
488 545
143 979
810 33
21 83
148 12
358 331
831 131
874 205
898 639
640 580
686 990
584 241
7 256
439 45
223 865
288 710
761 430
688 923
815 60
5 962
423 714
644 253
844 869
458 742
508 449
673 193
439 608
785 445
863 575
841 437
439 480
498 200
262 537
474 428
596 478
741 18
543 736
623 386
604 432
127 111
880 151
655 670
758 792
466 973
366 658
409 805
490 259
356 103
795 829
530 743
658 622
760 200
357 734
937 960
165 416
423 397
566 429
66 676
220 884
648 586
541 408
390 30
666 97
132 813
277 13
555 286
634 666
837 990
400 773
950 916
540 724
312 106
152 730
781 372
613 780
957 505
187 698
887 205
146 370
17 774
383 923
59 368
588 247
358 339
19 659
607 911
734 918
16 885
647 148
256 611
279 564
116 817
261 2
373 758
371 741
531 105
663 941
473 603
187 182
293 558
