192 899 468
925 817
835 809
815 334
417 426
612 980
893 428
593 894
801 702
616 893
233 721
556 173
545 510
360 726
802 917
917 701
736 193
869 570
1 35
903 769
812 514
101 704
293 45
949 445
746 917
338 330
637 245
855 533
754 566
258 907
834 526
607 569
718 827
138 70
214 40
839 25
905 291
81 197
335 29
994 432
945 331
762 933
927 616
465 680
181 74
586 366
951 545
934 20
723 71
90 936
110 280
313 366
922 393
562 256
773 555
687 718
237 800
2 163
767 819
194 299
892 132
664 195
28 597
214 750
667 655
38 128
934 350
493 855
94 407
462 866
313 501
935 902
652 937
416 419
755 962
717 998
93 733
544 472
329 758
221 348
764 610
827 50
311 672
904 404
430 718
622 742
570 556
995 221
844 411
639 950
724 708
948 816
440 843
287 120
952 859
467 716
821 646
765 483
317 20
887 746
737 860
839 306
415 186
527 259
948 517
208 671
576 507
838 15
350 124
487 301
334 305
368 506
950 132
989 618
152 227
715 888
86 906
546 500
91 424
110 38
292 670
60 868
176 897
234 877
372 720
530 705
377 897
563 326
29 551
296 180
777 10
419 862
267 316
713 357
91 823
746 383
492 805
602 19
53 187
896 424
259 777
481 635
673 43
312 53
593 607
232 369
969 3
582 587
670 294
296 761
116 41
495 959
198 448
978 602
634 225
26 244
1 506
878 25
548 542
78 492
148 661
212 468
663 793
55 685
86 350
797 554
742 643
864 291
90 193
893 75
417 270
319 769
775 548
794 674
89 871
165 589
531 376
56 546
520 462
230 605
163 378
510 257
20 374
899 461
566 143
887 983
412 205
103 538
753 896
211 193
766 727
781 649
454 189
