546 973 2
127 930
517 504
439 773
875 164
23 335
730 166
221 64
577 778
166 115
882 414
677 74
531 404
855 179
209 395
724 534
396 202
463 912
705 253
36 579
417 59
265 146
224 486
561 152
263 726
266 144
491 295
569 22
50 775
200 258
169 276
791 917
477 605
180 534
858 216
112 274
626 377
771 201
214 331
352 828
408 970
323 899
264 891
272 313
18 471
922 186
98 713
454 927
317 634
460 526
849 923
799 474
651 921
26 216
603 377
43 11
698 717
261 961
608 532
625 977
354 547
162 804
611 968
82 279
601 893
805 801
815 955
626 818
876 651
385 478
27 780
840 725
496 100
37 455
983 662
431 689
560 945
492 170
912 573
448 512
465 252
312 631
207 937
800 434
939 185
911 965
964 103
41 459
554 430
914 537
91 344
225 2
288 68
171 551
640 970
62 456
222 725
438 780
13 238
565 951
774 475
268 737
929 308
547 483
89 460
19 179
156 595
180 795
14 702
346 5
672 759
460 245
484 897
376 848
486 940
799 259
766 66
347 695
725 894
177 814
705 547
344 212
493 876
7 506
929 704
862 600
462 321
196 297
569 571
145 407
510 943
665 628
360 12
322 436
257 850
601 961
748 945
173 240
172 531
97 100
234 958
52 47
630 247
696 550
170 840
956 31
134 973
658 845
336 331
280 592
180 881
552 927
177 76
518 700
958 614
151 191
571 202
590 200
801 285
102 970
476 57
1000 609
29 10
453 716
340 84
307 520
316 211
798 844
286 316
543 244
929 694
786 852
895 727
403 47
363 504
16 838
561 368
446 941
377 250
657 716
334 315
587 1
525 737
845 163
52 387
758 332
432 895
183 679
974 586
725 336
89 93
174 1
460 971
294 836
573 302
903 258
616 842
258 493
578 454
655 981
841 764
312 624
658 495
302 983
432 379
319 520
471 844
873 930
814 518
117 738
819 371
995 786
564 605
630 141
58 284
121 250
399 433
874 409
279 527
391 710
905 709
581 375
552 805
656 718
322 124
807 492
847 154
630 410
758 259
903 167
895 375
417 293
159 642
53 437
168 444
146 425
504 79
151 408
883 159
477 557
282 283
48 480
436 29
890 545
288 144
712 182
518 480
826 677
473 879
465 992
674 963
416 177
41 919
584 923
77 60
831 710
343 879
190 130
907 431
27 546
574 90
79 91
569 905
119 393
135 584
384 808
898 152
984 938
70 920
212 498
979 43
207 673
273 748
155 531
178 181
77 751
270 155
194 190
411 664
582 545
247 965
704 496
116 688
433 537
959 997
34 937
391 241
962 663
988 116
193 518
648 621
268 917
128 813
106 538
477 39
83 75
3 786
571 471
825 355
7 783
351 41
72 741
633 385
755 972
500 300
489 499
272 109
767 399
273 224
937 749
262 371
176 616
508 746
86 333
100 445
467 803
837 890
895 469
274 2
792 125
301 633
623 924
93 389
323 717
612 259
466 873
629 993
841 136
90 926
820 189
370 639
343 558
528 590
378 802
591 170
926 243
154 549
166 246
289 488
962 901
98 779
125 78
123 317
566 212
243 385
753 964
23 95
522 551
684 899
704 626
420 629
868 573
529 386
170 818
873 484
70 323
614 546
400 737
863 965
948 457
702 52
420 76
147 293
978 182
544 681
160 963
310 27
888 838
412 409
7 637
892 76
959 858
622 710
594 836
27 893
292 728
297 711
803 443
356 133
976 899
813 135
213 474
514 100
312 277
509 318
913 752
746 223
609 719
933 554
554 311
799 845
38 95
907 192
889 262
324 216
160 137
703 725
610 216
824 273
492 684
943 757
436 40
331 396
758 615
302 311
925 100
155 962
546 413
506 786
675 829
1 186
317 703
910 279
270 86
903 114
121 845
870 908
884 552
304 641
167 605
303 91
56 809
405 953
222 910
738 248
90 738
433 407
793 695
37 414
132 939
527 252
784 748
160 19
300 815
12 818
419 314
908 826
475 664
778 696
573 515
295 663
604 727
421 748
773 457
514 256
395 40
508 530
140 19
901 791
833 912
608 603
577 867
428 403
531 557
98 455
423 392
469 378
471 889
126 595
697 639
851 444
30 710
973 169
728 873
959 560
136 918
162 65
785 941
467 667
497 917
121 919
660 590
648 482
830 773
77 527
763 279
970 145
988 294
665 715
519 976
626 654
893 787
70 29
79 537
695 927
453 816
197 112
757 844
946 938
969 22
816 731
300 137
227 639
431 892
705 301
867 330
306 759
468 376
788 546
912 834
472 716
1 668
179 757
511 124
47 479
497 862
562 148
999 788
786 781
31 490
81 897
171 386
8 638
761 147
535 24
980 6
91 981
25 270
89 888
745 135
718 242
349 631
389 699
771 527
479 801
368 911
698 539
648 705
176 761
851 711
784 182
68 227
162 445
496 603
332 592
737 401
833 437
32 574
135 802
452 613
602 819
875 651
357 523
355 885
283 557
947 418
91 366
