644 252 810
491 854
493 83
943 894
267 379
925 192
514 726
643 478
679 814
353 330
170 227
36 406
509 945
704 278
35 70
922 638
879 764
844 372
846 786
617 465
516 541
656 381
618 651
211 296
464 915
977 985
141 13
743 1
957 446
278 343
515 551
980 746
315 823
469 512
960 85
976 828
977 984
560 594
634 770
241 97
684 218
433 824
582 175
824 538
621 454
232 487
4 211
232 318
386 700
182 345
136 157
524 112
140 84
705 125
853 298
573 537
867 6
712 448
180 888
337 152
341 568
639 344
778 222
14 163
922 195
860 57
703 735
521 195
818 577
319 671
874 892
559 740
249 622
187 780
509 523
932 201
442 922
897 220
143 910
734 416
456 945
825 510
680 345
704 849
921 375
871 147
266 781
238 866
403 425
645 911
299 928
464 741
849 360
312 344
621 397
759 428
694 935
937 373
631 641
573 904
367 444
50 632
224 287
849 626
63 493
889 714
421 352
806 621
63 469
964 683
865 75
110 558
361 46
282 992
38 855
895 404
650 296
387 873
934 235
851 349
80 91
414 500
794 219
120 856
687 436
890 903
862 999
461 222
396 94
213 434
300 459
189 949
106 928
174 40
162 376
740 241
818 153
92 963
371 564
170 409
999 59
311 860
57 123
433 452
217 998
237 868
808 778
817 914
705 342
305 866
69 44
459 238
196 550
200 918
465 369
326 463
427 636
674 835
759 459
638 327
456 227
194 263
4 362
176 708
55 832
925 123
875 735
712 422
637 911
339 101
631 664
916 409
652 589
595 762
399 233
440 854
811 633
469 814
347 996
873 401
828 149
876 702
884 939
476 872
850 814
972 480
830 887
241 833
828 835
594 578
419 385
432 229
17 252
42 715
247 266
468 74
415 695
128 650
633 603
521 482
768 844
314 597
83 554
429 262
740 374
839 159
758 622
387 127
873 781
193 120
46 660
193 812
354 672
813 987
626 333
820 394
529 485
990 611
390 771
872 130
496 62
288 254
684 26
732 556
806 924
675 204
584 220
367 289
891 180
275 869
864 447
262 392
931 603
2 673
725 225
154 221
287 441
474 970
818 205
525 976
480 200
179 63
771 545
352 13
76 978
881 940
776 494
331 59
97 685
731 821
261 884
41 547
676 866
868 845
422 393
820 902
944 998
316 66
895 667
78 970
997 959
261 772
452 944
182 900
628 912
73 888
147 465
787 174
331 654
19 104
398 838
5 693
188 321
758 82
339 836
403 335
146 664
459 597
607 640
849 586
904 921
825 402
385 611
576 67
617 594
171 14
431 527
707 618
847 464
51 538
299 806
224 444
821 682
393 427
674 593
364 929
513 188
330 249
799 905
668 415
850 838
780 633
716 486
602 563
302 653
100 952
810 323
748 630
357 492
56 382
84 771
310 948
958 991
548 108
896 215
874 97
404 6
729 120
491 331
34 144
335 133
96 144
807 843
773 515
334 180
896 769
950 557
716 259
548 263
719 795
830 592
891 233
597 972
704 440
302 737
935 636
221 30
131 380
224 903
894 909
82 142
29 383
50 744
993 949
359 711
743 540
655 986
124 603
957 828
394 258
564 329
245 137
710 375
516 934
629 761
194 62
254 223
796 304
318 788
252 28
499 347
567 153
332 691
107 288
870 501
897 433
829 493
921 538
867 436
823 847
197 369
908 450
943 703
105 612
842 357
640 340
55 558
844 386
600 303
25 469
803 921
254 983
413 174
872 631
610 47
477 158
415 736
959 709
790 416
320 631
124 311
323 178
869 166
563 820
468 587
289 622
859 542
604 623
67 476
253 28
522 81
185 288
168 496
996 957
911 667
587 386
978 909
563 198
427 477
17 246
415 657
868 273
550 823
895 617
298 499
644 171
579 181
458 98
676 805
54 938
824 992
323 801
253 237
350 679
713 718
276 127
375 495
399 924
318 645
892 967
143 536
138 73
716 947
170 743
104 575
32 927
566 354
79 170
590 428
200 302
497 476
780 871
970 178
147 639
822 38
958 316
925 95
740 992
393 909
734 848
835 765
126 400
470 204
570 411
983 121
64 480
596 843
702 918
20 200
908 193
590 865
860 514
311 599
506 56
859 591
903 693
708 29
445 529
232 366
940 567
486 3
46 82
846 99
351 217
299 258
762 888
123 621
753 785
220 610
840 78
201 743
771 260
123 567
788 706
932 727
272 417
730 669
850 927
768 552
495 66
810 256
305 284
877 57
68 96
667 260
525 219
2 647
478 476
213 265
181 496
344 805
913 425
473 114
351 240
666 845
657 827
101 313
110 329
722 529
776 388
788 300
958 141
299 435
968 511
51 149
359 394
953 271
818 777
736 520
369 401
717 377
579 169
690 688
497 411
569 624
150 708
923 107
201 573
893 168
436 943
668 794
689 972
64 858
749 151
730 117
904 446
493 482
966 182
522 814
944 90
437 93
149 711
551 349
284 443
869 719
738 888
512 426
860 927
635 608
77 364
724 980
161 568
462 126
750 983
939 45
424 375
490 924
86 40
625 369
835 493
439 572
380 950
349 591
876 983
198 952
347 273
284 507
841 97
985 942
431 275
986 854
650 475
129 87
867 753
807 701
597 245
624 977
546 972
919 421
954 117
724 652
389 7
511 229
455 495
170 885
769 508
90 770
334 219
208 200
971 366
252 920
962 875
248 507
846 166
927 152
282 3
803 671
361 313
251 816
159 773
700 280
280 142
49 613
360 609
165 682
974 768
601 936
643 848
794 840
14 73
343 647
75 146
669 435
810 920
250 969
692 302
248 323
443 648
287 154
608 451
187 582
219 140
869 213
339 662
404 352
734 99
351 160
596 19
595 405
290 196
725 981
849 324
655 643
324 942
796 931
744 335
864 314
474 84
878 812
746 282
516 831
732 866
991 327
884 937
83 526
