456 439 754
465 48
88 281
730 417
92 453
658 382
872 744
731 820
348 791
887 701
295 173
997 276
290 191
506 220
251 691
27 690
796 491
737 884
123 818
652 566
622 309
948 493
404 30
665 751
172 551
803 466
75 799
741 365
342 247
936 944
289 962
633 84
805 722
319 927
539 970
493 161
278 792
5 682
821 669
784 992
220 587
457 646
737 549
10 78
795 945
22 83
907 6
519 711
727 837
989 266
807 833
778 436
624 782
469 444
451 253
435 22
839 243
667 927
792 29
5 938
973 378
373 231
735 891
293 462
79 634
79 885
466 856
673 90
989 141
533 439
745 320
812 935
914 831
862 57
859 218
995 183
947 719
414 681
609 58
142 39
691 220
276 157
427 948
246 416
440 778
854 185
449 18
471 363
848 332
419 706
901 765
888 847
483 653
528 443
711 21
482 401
241 757
909 19
56 154
434 495
284 640
31 732
657 502
446 856
185 865
561 86
629 800
284 464
453 163
906 515
184 739
267 776
495 176
794 550
329 580
397 612
219 779
696 227
632 141
82 817
357 994
254 338
793 889
801 597
52 58
463 235
797 730
362 291
905 155
193 585
734 941
549 304
719 244
530 351
736 611
519 93
604 772
430 749
12 582
697 63
639 160
649 435
889 10
78 145
517 270
81 602
562 629
906 280
224 435
630 960
398 500
404 353
623 185
453 635
766 150
697 756
309 346
191 549
355 268
45 223
889 125
825 450
106 730
81 329
516 63
640 913
562 395
618 185
579 70
819 696
219 867
452 879
212 994
779 919
613 823
141 501
300 965
302 405
46 734
85 562
796 725
826 358
119 795
894 50
865 64
97 435
930 548
666 494
893 796
412 505
619 904
5 270
221 658
674 266
392 758
179 539
834 357
248 953
151 141
354 367
204 450
154 486
350 171
979 242
966 390
747 936
645 103
205 865
113 878
483 504
988 13
394 821
721 642
125 224
782 830
590 338
280 95
823 629
265 801
222 231
542 968
166 186
423 371
403 535
600 237
390 939
601 783
112 322
424 236
545 206
66 486
895 697
581 717
677 197
869 898
779 410
218 297
595 640
667 349
174 618
937 563
909 538
345 20
859 121
607 755
678 24
240 572
720 172
640 396
721 508
646 499
917 863
795 863
502 813
212 27
783 148
941 691
37 285
710 895
757 668
1 434
692 241
5 763
764 644
511 484
151 156
335 419
370 129
282 871
294 845
249 76
344 189
118 381
825 179
627 582
846 628
15 889
220 372
652 335
367 162
171 870
669 857
288 38
337 921
260 630
117 508
57 461
696 174
193 520
704 171
453 550
798 468
438 369
191 441
56 557
602 226
778 270
434 66
659 770
338 918
400 455
425 456
915 472
982 459
344 685
629 796
586 779
615 376
499 805
816 554
714 770
131 491
391 564
908 50
334 246
967 85
700 392
892 614
215 873
424 558
910 52
354 495
830 968
870 329
125 38
234 838
807 717
328 197
280 236
246 965
481 213
49 532
956 941
145 170
165 920
728 74
971 433
569 153
400 790
481 524
827 66
713 633
782 393
830 414
628 427
378 460
639 427
991 946
719 487
468 883
406 547
957 728
979 877
880 378
666 712
254 493
778 966
125 911
710 306
324 337
733 702
148 723
480 490
669 198
328 488
432 85
34 740
813 12
616 692
741 282
756 346
774 533
664 250
443 373
556 767
62 640
820 561
362 651
51 382
200 730
869 631
815 902
371 979
265 986
22 358
619 777
703 744
661 718
994 104
91 901
222 504
540 393
64 901
43 466
283 242
196 503
224 362
405 594
340 21
932 361
378 902
138 433
646 798
150 639
253 592
539 826
95 78
218 511
330 612
976 612
205 171
115 429
532 871
374 223
243 657
584 621
559 73
405 204
870 906
194 475
850 732
300 944
161 870
806 490
481 782
454 686
304 920
466 188
790 839
410 384
496 345
356 54
417 760
609 639
18 802
113 867
885 764
162 45
985 968
886 818
101 339
503 404
258 320
943 399
158 705
783 5
49 138
410 818
250 18
808 267
171 272
133 55
35 294
451 20
613 337
837 713
675 691
