484 808 506
333 483
513 975
158 454
123 89
197 457
304 863
282 388
740 93
485 373
960 667
104 825
9 430
61 945
513 586
429 672
443 113
506 955
439 664
760 561
104 309
369 407
171 650
146 910
95 630
635 54
297 738
879 305
520 291
250 384
876 30
407 670
494 912
977 932
927 736
845 30
396 213
789 566
215 934
828 309
916 462
362 212
199 592
516 70
882 117
453 109
498 859
779 343
123 107
275 49
842 119
431 590
683 571
155 897
504 334
205 771
795 567
982 346
510 850
415 392
966 220
852 816
78 630
158 200
736 784
601 930
902 31
519 585
601 25
481 456
359 686
227 505
604 560
202 113
409 617
856 727
188 708
542 265
689 51
817 777
835 417
706 736
799 576
672 399
952 505
206 662
542 784
167 145
344 720
609 752
336 465
830 875
172 371
140 212
774 956
988 608
724 45
695 522
972 367
272 924
871 477
585 764
261 103
908 956
823 868
59 510
332 889
385 855
611 876
67 384
183 54
991 906
451 38
779 422
756 50
345 626
878 282
389 490
736 648
445 910
515 504
772 199
744 508
405 354
383 471
738 917
877 80
174 327
469 952
100 224
353 445
201 230
78 941
720 165
588 516
75 455
19 846
5 114
705 409
468 439
232 557
355 460
988 880
138 457
831 237
680 535
33 881
764 110
821 835
275 761
351 349
567 721
546 571
835 250
331 302
688 562
210 394
21 549
273 158
5 455
747 37
989 779
269 104
889 441
291 515
553 641
215 119
361 112
41 547
361 372
200 400
933 409
145 306
958 769
815 314
223 561
702 563
340 970
18 580
763 308
94 315
300 660
786 661
771 826
207 483
197 407
882 482
167 378
787 476
146 953
142 720
514 843
634 205
165 3
784 927
311 229
593 610
888 378
622 658
556 181
140 752
939 373
585 457
750 371
933 247
324 426
318 189
268 951
393 784
953 528
62 615
756 655
577 643
384 550
300 939
730 791
43 20
163 627
477 264
350 761
862 25
186 179
213 805
481 957
589 785
484 650
400 239
656 328
233 40
877 884
330 959
674 372
978 188
351 806
803 700
566 16
76 103
194 640
260 26
596 848
810 431
849 561
21 857
888 253
248 765
488 577
723 513
301 52
52 651
858 854
702 423
869 129
878 414
768 137
791 715
336 600
145 184
161 517
392 400
121 639
164 608
216 238
472 516
290 523
518 147
376 571
921 596
699 150
361 466
286 151
532 621
750 28
157 262
544 900
662 664
539 177
623 106
767 94
973 56
616 490
554 343
60 826
290 110
976 650
575 613
800 106
586 901
133 94
515 28
993 528
691 883
704 665
988 822
110 960
229 725
801 782
419 212
960 708
321 287
357 247
899 508
352 836
408 836
929 274
863 274
801 905
156 857
921 496
678 30
807 907
754 608
40 172
171 351
879 492
637 587
738 888
94 442
723 854
629 4
127 492
629 928
748 136
784 669
631 813
698 438
719 804
397 111
327 567
461 558
410 98
144 500
337 590
293 59
443 921
414 921
764 394
200 512
530 335
532 512
148 229
301 218
384 697
328 711
616 789
268 377
238 763
228 574
352 520
984 146
441 750
67 204
143 618
67 672
953 598
536 100
179 836
317 562
885 645
272 852
785 891
228 374
654 456
299 5
975 282
503 767
383 921
323 526
538 741
549 490
691 84
941 869
272 258
782 156
254 406
7 390
296 586
763 301
393 61
658 720
694 160
486 429
432 160
954 969
901 854
811 943
290 751
811 561
360 944
68 613
349 426
354 997
11 116
649 404
528 306
123 574
817 960
2 248
472 307
217 724
512 379
666 153
481 828
713 841
771 132
805 472
557 159
820 920
626 468
675 506
774 149
431 590
108 784
838 931
442 406
654 953
136 319
106 616
146 170
456 917
654 613
740 210
771 559
481 748
26 155
253 799
303 35
741 763
818 578
693 259
335 347
212 470
665 669
85 163
190 893
431 843
505 170
405 627
728 885
726 105
392 979
256 694
365 996
808 183
925 853
441 259
199 4
80 215
672 516
729 862
408 159
704 264
328 460
890 407
345 616
512 736
946 767
781 662
114 941
844 38
793 285
648 343
640 79
557 664
594 638
877 2
796 580
617 124
40 859
882 736
826 745
823 123
511 603
784 976
543 628
13 335
264 12
677 903
90 586
918 684
223 794
37 370
726 653
845 765
511 727
852 688
