471 674 810
334 628
594 309
171 221
674 857
836 685
886 90
127 823
8 162
45 801
198 414
526 202
259 642
65 337
493 752
159 518
562 492
146 507
153 316
79 826
524 914
862 409
3 988
231 362
149 627
163 698
393 688
900 3
330 316
339 174
67 497
692 980
341 837
838 493
504 916
318 27
181 531
788 536
519 18
897 19
997 411
69 389
99 320
391 780
635 81
305 53
577 348
385 269
536 222
761 39
490 430
418 670
961 557
205 479
574 454
849 922
864 269
310 314
588 52
445 574
132 750
627 61
97 363
329 633
584 90
23 425
519 792
95 479
348 651
309 274
456 510
195 320
778 857
985 718
908 430
291 40
179 917
100 627
631 780
611 215
221 986
639 740
777 85
570 477
88 231
102 543
92 296
214 221
504 199
938 412
628 229
803 806
497 254
784 128
33 395
694 254
380 684
345 508
769 266
984 856
848 85
750 939
733 964
160 236
162 449
999 789
677 801
946 526
54 729
5 87
475 698
692 206
381 388
714 501
653 49
708 853
134 458
791 218
421 302
453 582
751 452
370 427
604 667
304 658
395 308
96 870
357 787
75 738
526 140
590 530
189 298
382 674
755 525
891 175
826 695
108 576
498 829
355 102
495 658
759 889
318 854
110 674
992 537
763 869
28 353
398 216
2 132
889 756
656 131
282 481
826 389
57 323
217 763
776 711
772 534
951 89
739 413
115 82
301 877
950 328
581 700
544 582
831 784
689 486
915 970
966 92
710 374
766 278
488 542
340 260
75 643
700 166
55 814
599 707
43 901
34 623
600 929
557 782
713 245
619 979
567 584
422 276
310 187
906 149
728 245
408 155
239 460
320 293
625 270
999 19
170 385
642 121
313 550
902 377
794 520
707 360
456 128
988 117
315 893
265 394
489 25
548 728
484 219
20 460
489 371
479 10
107 472
131 419
21 32
148 166
904 854
526 711
334 513
827 1000
405 443
745 893
467 293
620 302
863 992
114 703
714 592
713 820
63 843
590 435
226 737
600 481
943 125
191 628
989 369
627 745
812 371
990 630
15 961
932 230
952 397
932 17
988 644
188 402
838 778
836 64
866 787
544 808
264 87
787 252
455 413
349 266
136 338
248 502
298 179
731 602
927 663
618 914
658 806
667 496
935 854
911 800
640 806
960 903
892 746
507 347
511 855
964 998
192 211
499 489
741 582
442 667
596 412
932 253
569 598
748 503
451 658
302 91
464 613
345 707
359 851
405 221
705 369
218 248
931 68
89 672
1 530
690 596
941 622
201 509
571 948
11 22
958 665
464 773
629 160
479 987
11 884
559 67
604 128
315 534
196 403
557 548
284 599
144 225
572 344
85 142
643 96
515 952
112 330
724 740
490 555
79 852
790 637
918 745
765 584
630 312
986 187
859 622
137 354
846 708
49 930
849 692
377 716
995 840
45 71
580 534
625 658
737 766
646 655
510 762
238 139
425 576
677 284
197 813
989 394
520 38
675 721
81 52
788 75
891 832
145 822
718 121
831 454
238 477
460 99
590 50
590 15
625 266
650 173
431 638
918 302
27 592
374 459
995 161
534 238
345 30
59 62
503 890
867 740
718 679
191 307
728 780
673 704
397 322
228 827
312 145
481 338
88 854
797 83
367 682
320 711
63 730
124 565
619 990
657 688
668 847
995 747
978 19
450 374
341 677
553 4
173 33
693 261
238 489
343 604
522 14
314 585
743 437
501 714
779 157
401 798
355 747
545 332
766 994
706 458
23 610
461 195
642 153
455 231
994 797
835 515
162 148
451 905
937 952
618 715
460 370
512 815
117 56
146 882
402 203
339 424
164 799
618 805
303 73
36 296
221 222
163 383
369 613
639 305
564 608
371 24
977 883
190 93
290 687
326 691
890 664
114 53
814 732
210 117
804 597
764 376
818 926
110 538
539 748
195 102
707 565
477 684
447 666
128 89
353 454
779 594
469 893
998 283
976 559
751 779
507 514
506 324
440 616
214 978
363 408
431 422
972 260
105 771
277 584
859 629
37 989
574 506
881 924
140 856
834 890
986 341
403 492
16 194
459 229
523 821
988 954
242 312
565 698
82 841
634 292
822 670
632 395
527 513
670 666
720 504
907 58
196 662
901 211
