855 359 792
378 179
779 683
773 90
247 822
523 87
455 166
908 477
798 655
3 662
676 21
381 179
279 438
726 940
690 937
147 48
728 524
579 858
558 703
948 804
524 822
242 331
988 502
159 137
156 513
798 831
533 530
362 812
320 87
103 9
375 249
57 454
124 635
664 681
337 963
836 212
784 430
894 123
931 52
259 438
565 408
620 449
290 333
260 609
772 715
969 146
963 25
952 87
11 615
119 699
577 307
911 712
736 156
835 666
208 445
455 772
205 74
220 494
407 832
454 530
546 422
675 860
447 978
298 809
944 417
508 872
723 770
584 810
925 770
475 484
214 929
255 418
354 827
263 112
10 716
641 907
138 668
766 936
645 64
96 941
832 603
812 906
724 395
715 1
164 541
484 730
821 91
499 174
917 762
286 278
829 278
184 966
945 301
253 942
716 349
882 547
303 693
804 379
88 518
379 603
58 862
332 878
304 831
404 572
944 41
849 772
318 32
90 263
685 342
204 400
42 85
947 697
129 750
75 568
620 453
171 677
666 854
907 970
684 662
893 979
702 742
751 19
125 840
633 809
533 188
209 575
624 507
271 753
256 697
320 227
501 842
256 166
696 162
487 731
823 380
710 876
473 460
246 597
651 879
406 183
66 966
109 690
472 731
794 79
779 113
306 279
955 561
445 2
74 283
732 248
662 441
475 134
252 720
83 902
598 840
437 16
805 897
57 628
980 850
58 758
962 363
37 268
275 833
269 700
115 353
299 129
793 773
614 397
493 696
650 442
535 438
457 691
335 513
318 666
362 376
423 676
90 811
295 717
643 916
768 758
620 67
886 412
839 499
160 683
547 810
125 81
247 933
772 933
798 441
950 511
816 373
538 258
183 833
974 178
100 741
935 719
159 172
482 350
22 642
32 568
803 508
1 401
793 124
686 590
564 635
100 732
359 990
989 894
822 314
71 273
54 357
343 565
880 824
914 901
817 297
821 971
157 173
372 949
296 409
890 211
395 989
942 754
330 930
647 151
243 69
775 649
425 117
213 304
293 478
556 109
126 728
432 282
900 155
230 547
563 119
758 957
460 699
62 789
981 708
292 223
128 418
223 552
887 787
207 179
616 763
639 742
490 70
23 742
224 605
288 786
75 45
95 886
96 156
27 76
216 670
650 343
87 225
247 973
11 453
503 627
215 142
368 57
211 742
798 787
698 437
572 773
834 18
10 929
526 36
356 741
57 5
435 496
229 33
820 592
486 323
570 52
464 289
460 26
30 257
812 80
46 736
852 879
753 213
159 278
601 514
370 657
870 157
152 451
189 972
42 26
646 611
78 109
899 537
134 280
146 946
359 191
33 562
69 785
775 227
415 727
92 136
383 961
292 887
411 833
210 804
858 855
766 287
315 16
824 448
296 321
745 6
511 777
568 931
914 694
509 680
420 600
815 154
912 459
392 675
291 953
830 500
807 596
787 121
611 962
921 258
282 17
616 144
146 535
74 411
580 934
90 351
885 904
504 796
714 248
822 4
200 652
856 359
599 642
831 561
603 103
171 236
120 786
379 617
320 452
379 899
737 468
249 621
723 104
768 437
703 590
792 903
593 647
261 191
288 91
103 242
194 273
477 665
58 855
633 729
658 11
979 394
830 227
366 552
683 134
988 385
75 132
287 667
778 899
209 418
342 311
11 887
584 488
903 993
694 535
722 704
897 700
97 726
279 463
629 961
948 617
697 22
100 336
40 877
586 248
646 927
910 657
813 493
144 67
838 189
601 559
892 849
610 341
574 888
155 203
200 102
171 249
475 622
584 514
498 169
113 144
448 22
800 612
867 295
679 704
483 631
262 375
480 223
67 405
111 221
959 662
322 129
910 796
750 845
661 600
366 773
95 813
794 246
424 660
540 454
363 374
85 976
100 564
199 166
320 661
386 279
322 707
759 584
854 861
780 514
460 145
286 906
957 432
151 733
443 690
186 158
63 270
133 163
185 683
680 505
343 66
783 17
124 893
952 978
753 731
843 212
876 481
469 184
912 619
916 706
308 454
863 723
75 348
237 260
30 916
116 725
333 250
93 457
142 44
786 895
126 628
458 353
460 927
537 723
897 804
429 557
257 291
279 332
638 867
943 20
134 58
744 467
659 188
275 152
231 60
46 708
39 856
61 499
134 597
573 30
400 1
586 9
644 216
340 633
82 634
4 568
43 99
34 701
286 660
852 868
719 250
576 109
457 636
959 590
584 532
971 335
884 557
343 879
124 34
864 206
667 867
125 61
966 510
761 251
169 965
119 887
566 694
347 22
681 306
963 616
837 933
950 720
841 645
951 965
678 814
522 697
680 646
757 645
155 870
248 323
834 366
561 751
411 907
772 443
212 86
58 400
18 7
472 859
651 422
823 329
235 344
377 914
341 133
911 495
2 158
169 187
523 81
289 285
987 60
727 551
497 784
302 515
790 773
725 793
194 547
473 428
242 849
694 582
333 604
428 687
113 596
873 987
676 514
271 14
573 997
916 422
132 218
936 273
342 660
65 536
558 537
315 151
737 8
732 70
963 511
108 75
106 332
61 133
845 683
498 418
679 414
191 162
983 126
435 324
137 499
859 46
388 526
196 476
885 279
897 848
789 4
274 246
336 687
378 180
369 875
949 400
640 139
561 622
616 995
298 752
846 508
797 585
33 992
60 918
622 957
117 410
312 742
655 647
428 32
827 149
259 127
548 898
266 460
872 881
455 169
985 652
676 781
236 61
125 295
978 746
603 446
508 915
187 514
561 967
898 739
115 156
866 14
405 483
473 276
715 927
796 699
578 824
480 165
884 956
460 861
53 62
658 912
328 844
426 241
810 323
979 276
478 196
289 234
30 762
862 745
40 657
443 970
480 274
134 715
581 593
927 634
7 584
897 334
428 322
926 589
644 905
865 473
452 153
707 834
914 568
578 306
576 372
275 408
646 408
122 578
1 49
563 359
632 460
44 411
781 970
352 425
226 216
249 29
720 955
862 986
874 791
291 450
163 565
209 160
972 330
737 324
730 300
34 714
759 78
124 891
399 475
667 624
42 916
4 762
870 866
747 96
656 37
545 170
953 753
329 924
434 418
600 164
69 633
229 827
710 352
69 460
179 736
83 572
3 439
333 872
304 431
967 311
819 863
833 771
967 513
695 401
930 294
916 998
278 144
176 988
847 245
447 377
332 882
949 334
320 281
557 975
712 876
637 530
738 469
653 57
982 347
457 263
992 724
261 269
867 436
608 65
32 407
442 715
640 390
48 311
670 957
285 733
832 273
615 921
94 267
977 427
965 785
689 308
508 301
928 726
89 536
143 120
294 584
187 933
973 234
243 994
190 879
79 373
503 45
294 596
311 622
22 627
759 63
934 618
363 213
344 803
748 486
275 393
421 461
325 393
694 919
738 236
149 816
960 652
860 253
247 522
227 621
148 985
35 433
602 749
646 297
552 745
134 826
138 554
286 814
298 331
733 36
918 233
851 878
884 63
482 483
584 60
455 732
44 489
516 998
237 161
646 788
258 780
965 395
685 602
560 335
933 292
370 202
877 572
79 760
634 913
242 218
972 696
301 368
536 168
717 773
681 362
912 938
493 229
684 530
830 243
864 762
887 585
316 763
156 746
522 142
658 116
711 982
163 11
701 699
178 417
823 210
130 86
147 975
314 830
504 144
425 719
257 311
303 572
425 810
318 946
951 327
413 13
660 928
375 360
626 905
128 800
114 258
885 261
232 199
442 87
694 866
805 950
528 107
522 952
268 191
250 571
517 14
583 177
941 958
888 918
862 16
717 327
625 602
587 856
152 381
942 197
246 98
146 126
556 19
77 823
561 326
393 78
692 328
606 632
637 845
550 850
