860 266 176
484 219
763 691
722 143
984 918
740 81
64 865
636 434
294 459
995 971
203 424
662 882
381 294
518 225
843 367
85 460
895 920
679 9
963 752
503 946
670 242
27 85
459 14
518 104
824 864
74 379
287 736
260 667
381 130
892 575
848 328
34 742
599 64
750 561
816 252
859 837
846 237
921 656
250 790
759 74
654 184
804 292
919 415
959 651
544 202
225 744
881 611
837 479
674 587
392 841
190 250
677 387
486 949
394 735
739 152
160 744
336 315
35 606
730 345
609 625
546 833
368 778
795 205
257 821
143 1000
13 684
249 690
423 734
990 816
820 80
968 332
823 655
646 858
612 375
202 220
1000 100
405 719
877 199
923 485
371 417
484 384
453 84
425 875
817 414
690 989
494 9
320 316
15 965
525 627
692 79
846 43
530 602
761 758
801 36
595 523
804 78
906 256
162 330
130 330
96 172
318 589
180 989
256 195
954 133
173 997
563 18
39 92
972 151
201 124
186 795
646 342
873 552
597 386
233 79
67 328
250 737
268 781
725 524
327 30
8 499
26 570
869 64
13 840
567 213
963 104
8 960
445 232
511 394
969 744
472 35
423 73
123 691
205 848
566 884
877 573
382 255
494 602
318 506
793 236
718 107
340 77
67 784
308 929
529 628
672 1000
15 95
424 137
137 629
336 702
512 213
274 245
467 119
199 136
624 343
724 693
450 63
770 868
198 429
796 727
409 820
726 423
266 502
911 402
482 247
103 345
811 728
589 629
846 139
116 821
482 839
513 283
901 634
150 99
415 297
825 823
116 902
597 733
755 507
134 236
105 588
580 915
315 521
895 512
659 11
332 492
849 845
126 102
830 627
200 244
924 376
418 391
629 14
124 384
873 257
619 329
845 551
596 511
71 490
23 81
500 354
925 701
550 50
802 380
677 353
975 600
80 393
342 60
758 465
443 982
74 414
311 270
316 906
780 386
395 802
818 247
508 742
299 57
792 100
436 820
804 763
419 235
155 112
294 912
577 89
246 650
854 556
919 169
461 50
906 207
204 723
453 711
817 751
767 608
202 555
779 357
317 549
591 823
660 237
86 236
677 331
237 530
886 507
698 698
557 955
257 760
677 709
470 493
812 588
452 365
494 230
74 162
130 16
336 790
252 422
25 928
104 614
809 990
120 506
39 28
812 295
787 489
356 608
333 519
548 137
235 393
718 308
555 848
324 890
637 927
663 13
207 767
626 15
108 98
873 498
125 684
793 264
524 500
223 209
18 770
345 252
163 62
912 69
261 587
310 897
513 973
262 71
91 239
86 550
688 310
47 165
345 839
428 869
690 2
77 707
772 773
311 286
186 574
354 447
160 663
695 672
987 956
95 429
547 532
978 234
841 25
398 537
215 177
405 905
179 833
963 302
605 625
587 143
198 292
589 357
306 283
381 293
591 475
73 489
6 51
722 198
75 472
734 641
648 491
545 178
323 860
479 280
484 65
422 682
356 362
38 14
644 770
306 586
244 730
74 601
780 148
798 206
619 884
847 618
374 391
796 696
250 626
327 86
43 100
767 750
461 156
763 457
278 420
42 521
150 468
474 929
615 623
135 585
506 981
202 879
723 349
927 325
327 253
410 369
353 528
118 165
35 881
621 312
652 663
185 801
482 658
82 96
280 216
32 786
548 585
664 622
286 590
946 612
195 707
980 899
234 449
63 269
681 36
932 333
50 116
133 531
773 214
978 53
781 9
190 328
945 853
302 230
795 247
841 341
306 172
591 891
621 5
159 301
40 91
633 441
206 766
971 331
331 300
735 112
660 924
791 605
128 92
834 274
339 675
614 996
846 556
886 818
561 397
119 952
839 751
393 396
868 715
726 199
15 460
310 674
383 100
630 511
544 464
784 234
490 750
229 687
305 114
505 217
510 623
169 348
725 913
744 593
627 469
143 993
281 804
19 15
255 648
525 798
111 661
31 600
762 259
639 418
725 143
635 234
117 155
934 841
419 677
785 45
497 279
390 129
82 408
144 689
55 20
486 166
680 869
117 793
479 755
211 203
249 197
789 365
703 722
558 121
750 342
517 246
973 906
375 54
313 518
94 368
889 580
885 921
800 353
713 278
460 275
833 708
471 621
425 173
342 982
645 443
675 162
40 647
67 414
53 732
283 146
99 524
77 335
444 876
39 156
506 498
783 338
558 253
958 982
778 651
315 774
445 341
935 484
988 354
250 392
85 884
537 535
407 614
221 850
841 259
358 346
757 140
35 666
392 992
999 521
994 665
295 438
5 581
922 992
934 523
383 18
406 272
904 813
237 124
662 77
383 19
775 491
158 809
508 902
153 506
774 498
170 420
288 174
1 561
518 286
83 900
304 488
523 559
300 759
683 314
836 65
684 962
907 194
122 414
95 274
919 220
124 440
640 411
965 640
971 482
925 53
734 580
892 256
491 544
15 173
209 202
589 892
163 495
85 284
260 531
910 178
751 33
969 742
443 933
733 765
415 9
169 148
589 412
755 79
955 769
603 163
970 191
407 484
37 843
120 296
374 29
825 476
413 793
217 207
77 949
323 843
957 491
990 897
902 745
327 209
865 281
723 187
471 129
670 859
324 141
154 697
521 978
524 933
122 92
491 199
392 813
41 348
303 383
597 557
479 275
765 343
908 839
529 730
320 551
589 643
691 742
339 212
720 214
496 193
305 987
391 696
799 784
395 454
166 343
10 644
970 126
338 877
964 219
606 283
769 194
925 811
936 615
374 7
828 222
199 484
208 942
179 358
725 926
811 242
268 172
237 589
297 574
465 613
792 71
247 912
616 524
75 903
490 448
909 670
21 460
153 228
753 684
938 477
609 748
70 228
272 306
817 920
879 633
532 23
55 131
286 671
654 360
573 143
160 834
164 180
293 317
760 45
352 697
873 312
796 294
891 67
599 707
987 829
692 870
851 746
352 489
416 5
848 989
500 359
822 663
539 466
331 650
862 34
698 86
345 493
379 236
912 977
294 250
805 985
471 8
731 823
496 146
179 343
486 678
702 307
693 592
124 375
593 985
409 290
70 105
134 448
340 45
776 634
646 581
618 117
588 700
939 435
846 117
777 683
147 830
342 191
773 465
917 365
450 677
654 871
782 788
671 121
184 446
106 830
26 76
946 965
775 236
399 972
704 528
655 202
709 996
392 482
460 661
198 261
337 204
484 118
991 154
591 526
599 696
707 977
771 652
293 898
239 692
869 295
219 523
496 279
870 240
760 682
900 310
294 236
513 777
706 855
282 296
380 881
343 87
209 114
90 501
11 681
544 231
975 114
106 470
393 975
709 504
656 608
813 950
196 325
78 901
531 360
548 263
592 890
701 800
3 142
652 365
822 196
948 148
309 53
618 701
379 678
205 387
638 369
688 833
46 765
85 576
124 632
838 67
521 538
218 876
680 870
592 853
65 539
1 373
943 970
426 322
647 982
708 284
350 395
468 395
159 904
971 635
535 160
53 408
50 271
635 81
140 226
933 556
117 285
280 59
254 705
732 901
686 439
536 36
185 356
782 696
259 752
682 146
264 734
553 313
4 539
745 495
764 677
50 880
314 330
291 567
386 22
819 72
813 707
459 997
62 240
692 672
344 373
169 607
107 73
271 462
611 15
957 375
43 358
606 356
39 248
275 425
270 93
848 434
799 658
430 212
897 474
236 592
846 404
550 304
477 172
118 87
538 74
813 581
783 419
288 822
18 562
246 639
655 445
72 805
102 854
17 998
327 604
942 524
7 491
828 483
15 297
922 552
722 734
484 504
504 772
325 522
333 922
160 339
366 232
496 467
85 864
817 411
467 758
934 473
600 113
308 966
409 229
518 130
962 1
986 466
124 310
987 457
584 146
147 949
729 642
768 813
857 584
