575 323 693
861 796
644 973
455 610
734 683
479 215
644 479
200 109
603 862
447 411
797 593
909 745
673 903
512 486
759 447
60 82
491 272
229 135
597 683
96 330
365 574
896 360
404 448
821 358
661 267
120 457
211 381
553 884
283 417
721 41
863 132
474 354
404 54
840 1000
736 287
681 452
212 928
164 615
375 984
325 387
602 796
843 165
176 396
48 810
812 120
851 26
251 676
731 6
730 570
5 817
208 37
269 419
965 784
34 691
767 710
78 368
857 920
884 33
667 931
842 830
402 44
856 653
720 938
10 801
860 15
617 67
51 237
486 367
20 871
58 786
580 135
506 436
406 389
820 73
672 14
254 425
57 461
429 128
399 439
928 258
453 897
676 855
133 161
574 505
31 631
642 962
765 499
750 522
888 921
946 911
934 200
335 343
12 764
470 410
554 750
19 6
646 47
212 130
207 785
634 590
767 276
551 883
774 652
405 13
573 702
275 858
901 962
200 265
77 670
26 630
771 45
987 768
91 550
897 649
687 883
238 453
510 141
688 635
144 92
648 716
145 274
574 46
587 125
662 663
794 687
292 564
83 630
331 525
180 580
174 866
462 763
670 323
903 357
957 47
800 956
114 945
230 39
342 816
164 3
831 309
41 474
225 124
104 907
648 635
838 821
852 651
936 521
973 838
230 930
236 381
885 702
677 466
92 370
282 607
724 112
268 765
937 492
888 40
750 535
674 588
708 877
590 643
398 563
832 979
492 420
711 728
121 388
194 564
757 827
171 481
290 790
245 226
633 484
266 382
18 291
321 77
168 911
71 917
825 903
247 668
322 957
395 794
344 588
357 101
414 879
933 703
668 529
929 652
12 546
34 381
188 706
810 355
968 880
623 792
782 869
811 455
826 206
248 169
145 957
621 559
187 905
613 207
433 893
858 444
438 243
177 978
301 986
332 268
865 307
412 999
175 222
453 1000
779 53
521 924
361 493
482 547
398 446
753 830
339 963
626 128
205 802
105 505
139 789
125 3
447 888
353 621
109 806
973 240
210 493
163 570
985 996
116 382
441 221
564 131
183 541
259 739
342 715
596 832
855 720
186 301
607 539
274 67
344 246
306 553
90 468
474 74
815 589
808 256
161 723
386 695
263 996
434 956
63 29
787 269
100 972
922 58
510 195
124 205
440 782
109 529
601 582
954 416
523 113
23 683
835 760
378 97
108 163
52 170
543 190
790 642
162 711
51 23
905 174
580 344
307 688
224 260
622 178
675 496
290 49
530 477
808 907
573 915
421 977
436 963
166 226
956 679
936 6
702 841
532 281
536 838
320 112
449 293
641 123
788 282
523 318
758 331
576 331
597 349
659 33
663 824
610 619
855 545
976 556
737 507
188 625
697 859
736 145
504 728
620 643
9 142
312 767
824 888
449 773
588 107
805 250
282 414
868 136
310 196
43 399
702 582
23 750
793 110
895 296
189 866
938 197
359 250
315 535
489 763
307 428
221 111
677 855
876 897
342 537
92 737
935 793
318 309
543 110
770 789
757 958
6 695
155 716
296 469
250 136
584 556
563 156
18 239
362 245
135 704
782 226
440 68
371 757
377 265
219 498
405 975
456 762
21 962
477 668
782 727
803 717
634 717
873 652
956 234
248 442
289 381
20 728
449 742
837 177
6 407
674 762
381 481
523 754
794 999
421 576
77 224
292 711
940 516
714 247
750 313
41 38
694 60
118 142
801 306
670 158
712 695
919 92
176 793
197 321
791 618
896 220
193 540
282 484
55 347
731 156
659 123
546 352
182 663
845 334
968 866
843 679
561 113
122 88
905 319
408 47
936 304
266 480
843 547
963 249
893 45
405 904
167 950
255 700
612 452
33 931
317 875
609 877
339 82
316 243
752 724
290 39
379 555
518 573
454 481
821 698
525 225
601 692
526 208
391 137
659 776
419 975
2 379
204 341
461 519
583 212
594 224
251 324
779 768
896 584
600 69
281 125
645 234
168 171
441 910
659 451
685 78
777 39
456 332
379 268
203 313
832 796
537 82
120 667
201 367
602 153
435 234
277 80
467 796
602 259
705 260
61 742
337 838
780 145
169 510
764 723
822 595
519 710
676 990
376 229
708 977
381 143
211 9
574 29
156 527
288 212
786 348
953 475
537 84
971 58
593 734
780 767
329 650
828 356
639 204
584 699
532 316
193 94
676 118
123 831
644 762
43 429
461 347
255 350
431 225
407 375
959 186
493 639
836 321
994 826
876 930
524 407
597 68
853 273
185 327
103 828
88 497
257 900
844 511
249 626
88 655
1000 398
193 493
36 380
813 29
205 688
310 81
446 907
148 298
179 333
624 633
512 63
130 768
963 325
631 563
950 718
570 301
467 762
793 502
141 957
530 697
996 840
129 442
746 629
91 276
313 67
908 824
129 389
944 443
65 926
6 14
995 927
315 461
688 459
962 180
768 491
228 763
682 709
556 779
337 999
406 1
65 314
824 545
54 119
988 119
44 345
484 38
271 150
498 310
609 459
841 376
302 68
490 335
128 46
114 464
44 519
816 108
184 992
4 590
110 343
60 154
687 543
543 309
693 41
970 653
851 810
28 152
230 517
487 357
