562 952 173
957 822
988 416
358 331
420 947
441 762
6 946
801 548
840 461
592 880
431 244
731 240
623 234
469 140
720 178
53 23
350 362
845 689
777 202
20 548
500 812
310 505
757 462
404 596
922 996
828 352
591 910
944 214
143 764
705 215
941 757
237 290
118 433
979 247
986 350
794 485
161 455
989 917
916 745
864 190
92 43
541 682
952 484
247 447
600 951
661 540
708 249
830 177
34 160
423 19
509 569
504 669
23 844
937 291
940 152
480 31
195 372
65 498
856 311
944 807
262 956
346 321
557 527
497 590
686 272
960 546
840 815
566 862
659 854
152 950
6 983
981 200
355 45
49 562
355 993
368 968
948 713
288 504
240 785
445 277
56 405
175 895
219 92
108 229
946 612
531 951
594 511
502 948
555 550
861 261
542 228
229 842
293 516
697 884
652 494
160 59
898 686
953 468
778 413
49 723
376 579
673 969
441 526
269 347
75 481
607 969
709 187
810 1
55 858
884 706
351 395
765 600
433 69
420 210
833 468
284 208
398 956
529 838
833 149
184 907
629 142
875 337
681 36
689 735
894 572
792 244
319 556
196 751
977 615
312 809
82 595
369 831
902 897
20 734
45 555
640 25
696 867
362 376
902 402
462 795
326 254
391 644
161 586
746 489
200 57
298 633
651 18
463 552
266 482
285 662
388 276
686 83
142 399
811 44
801 624
190 126
877 580
121 390
517 866
878 716
922 527
700 572
544 162
123 809
995 759
822 382
34 508
817 176
906 979
571 58
602 760
535 831
340 655
572 856
872 449
924 793
328 623
716 871
137 190
32 483
948 205
217 334
712 385
509 970
363 79
27 316
190 914
498 529
568 69
737 440
870 12
584 197
634 300
419 122
489 802
605 789
7 821
122 70
557 982
39 919
412 418
586 601
331 84
482 250
504 218
41 373
229 625
569 214
276 340
688 764
141 292
904 499
464 25
569 20
358 607
290 769
376 875
370 706
310 851
308 814
420 348
538 1000
324 459
565 599
798 252
715 290
895 618
789 358
995 357
729 352
315 370
121 691
245 842
748 906
44 55
719 815
755 257
166 78
715 730
29 512
334 95
153 228
712 941
938 58
297 18
410 612
388 882
302 984
75 49
889 470
456 608
284 210
216 801
639 282
882 19
145 215
113 297
795 177
238 84
234 534
101 995
497 488
228 798
823 654
199 712
123 6
671 758
567 886
558 205
167 440
576 311
6 688
607 800
216 844
883 802
730 984
148 226
823 376
376 646
381 574
709 504
931 379
613 497
616 171
53 782
962 628
444 967
668 50
119 883
246 1
36 327
336 184
552 511
911 927
508 291
852 216
794 782
946 407
630 561
929 683
342 890
662 785
208 329
186 326
564 783
679 599
109 14
134 13
876 44
291 383
335 495
950 480
628 895
238 258
455 166
940 148
407 953
284 967
282 822
292 197
604 322
147 65
688 281
77 563
324 719
298 658
213 247
490 841
142 727
98 948
245 389
96 3
341 379
969 974
200 613
170 156
934 669
220 621
949 648
536 272
366 833
282 931
79 123
771 572
849 220
520 445
960 967
448 652
345 416
978 897
380 499
52 314
167 623
286 115
270 821
739 987
653 372
269 84
494 39
7 342
610 878
787 921
844 586
925 541
1 254
437 733
752 840
46 271
462 331
385 731
504 475
69 156
846 338
591 339
728 598
33 690
475 171
962 671
756 886
211 108
491 999
840 243
838 237
513 299
920 249
381 423
76 801
578 921
138 521
612 218
118 996
259 944
166 220
966 273
458 176
732 948
526 924
542 363
160 54
13 79
655 393
853 730
546 783
2 35
303 613
252 772
608 510
715 125
82 681
397 539
208 481
838 86
404 380
448 915
785 813
346 439
557 198
520 102
980 874
137 282
486 740
53 446
250 120
570 683
152 319
221 711
151 410
796 906
789 596
820 574
408 517
364 316
715 236
418 46
109 906
328 594
645 732
391 246
203 313
928 706
983 500
417 133
910 564
38 698
511 209
623 270
726 987
586 792
574 355
837 682
260 516
627 904
600 18
150 802
330 77
860 664
577 276
796 838
191 185
535 702
393 510
323 470
848 908
261 421
262 98
102 873
613 728
777 212
97 926
366 426
354 225
441 282
852 236
119 42
772 6
95 165
515 770
634 362
677 247
782 291
344 883
163 308
962 939
520 59
216 237
836 570
461 277
851 312
864 322
705 636
327 152
152 193
921 137
554 949
383 335
591 726
569 754
34 882
44 905
940 612
493 776
533 953
52 735
616 267
56 672
902 734
823 53
926 95
190 479
396 572
165 986
650 85
739 35
967 135
291 906
746 783
33 630
735 436
364 702
703 420
373 604
153 548
657 79
994 198
909 389
769 74
375 418
510 465
804 476
951 94
734 48
876 766
677 962
202 41
663 904
812 388
507 964
935 515
394 280
712 655
669 833
80 43
602 589
859 406
417 810
851 150
857 727
915 534
40 116
574 703
371 737
442 230
52 728
96 798
7 808
452 675
992 531
69 593
471 928
350 887
89 201
36 945
279 303
