830 318 770
755 372
141 491
813 722
543 892
817 340
899 976
791 925
967 673
994 912
495 273
261 382
713 813
769 657
91 423
487 761
193 241
132 685
732 297
406 626
540 574
965 438
550 107
363 868
779 708
779 273
332 392
6 44
204 775
52 647
197 890
407 741
483 890
425 566
538 182
191 78
756 155
867 305
261 581
172 391
640 303
15 323
694 21
366 249
147 770
247 695
659 5
436 141
895 212
706 784
394 248
213 149
402 432
453 14
12 976
756 652
278 771
974 323
791 692
924 937
813 170
631 471
175 418
964 421
630 21
204 23
269 769
171 22
200 975
388 563
950 143
566 580
913 892
254 55
583 177
991 747
347 974
569 521
391 884
941 20
905 496
42 525
264 564
898 815
538 637
378 840
780 943
771 44
834 24
99 768
201 441
514 547
414 435
67 157
318 7
176 222
854 570
98 118
485 348
284 375
984 661
214 763
956 984
159 141
7 257
909 559
49 774
105 463
208 523
971 526
881 498
99 735
419 549
852 904
896 487
278 879
148 843
994 103
178 152
243 536
760 503
95 808
629 199
622 188
722 592
713 602
90 164
336 508
712 539
763 607
26 392
837 525
234 830
979 411
333 573
947 92
428 393
252 56
591 225
243 664
817 308
618 258
823 305
117 534
196 232
492 573
623 680
97 857
510 427
619 842
999 917
286 426
309 537
833 900
761 428
915 929
735 532
538 557
837 7
442 32
238 285
956 212
964 52
420 825
478 39
19 828
955 304
606 264
192 790
515 304
217 781
233 303
313 122
859 501
480 652
884 69
288 839
281 252
242 700
76 71
738 94
898 45
749 855
660 940
645 526
244 861
306 828
164 618
301 374
470 781
378 353
849 665
543 129
916 784
181 344
854 270
789 104
314 890
958 973
181 954
498 424
815 804
603 330
773 256
55 243
36 432
947 236
97 490
717 364
273 897
59 479
166 200
582 480
89 891
804 269
845 654
45 11
809 999
340 933
254 394
527 641
178 474
877 274
315 593
637 939
841 48
417 6
247 350
837 335
241 993
955 437
998 351
447 806
350 138
738 603
883 617
596 60
90 472
685 404
416 674
342 608
721 111
613 967
460 802
653 52
146 959
840 143
310 638
948 659
775 37
613 10
653 208
421 94
31 106
849 798
779 191
405 499
653 370
817 464
171 821
516 316
779 355
810 88
345 757
98 119
145 63
480 150
622 901
595 5
6 444
802 784
986 559
634 638
928 802
101 450
622 968
117 752
675 926
192 19
34 641
489 530
703 969
679 325
869 274
329 226
69 482
361 54
40 994
691 319
147 143
768 120
111 884
223 785
809 414
155 842
55 643
372 109
611 402
433 831
27 113
56 95
947 416
148 986
761 190
305 259
333 424
378 795
308 601
931 468
366 85
662 420
727 385
529 690
138 313
872 165
778 928
611 724
695 111
61 456
652 717
66 984
493 444
130 152
396 60
619 761
496 632
181 575
16 61
616 506
725 487
670 854
414 632
929 461
742 342
268 394
58 333
729 902
776 211
53 523
270 672
284 118
655 816
692 23
876 307
528 952
145 549
806 911
180 734
371 274
75 638
19 485
322 747
386 450
957 439
972 579
462 255
48 116
70 91
138 297
749 17
249 893
565 406
803 745
491 525
370 918
514 388
754 836
134 491
637 443
929 608
373 742
215 772
210 284
862 699
933 610
716 533
854 280
290 657
376 780
533 745
49 47
132 802
234 618
293 870
412 573
477 136
315 43
907 876
679 768
574 611
729 289
495 582
921 784
590 296
915 123
41 964
521 524
117 754
141 409
623 552
334 451
687 648
494 593
875 172
712 448
134 440
89 628
374 9
763 963
656 677
437 48
640 957
572 757
62 712
517 684
264 850
487 302
849 332
247 723
855 958
523 988
750 611
967 475
971 729
789 626
405 226
674 397
534 597
505 596
308 21
631 923
871 117
225 719
448 823
794 654
132 316
641 233
278 959
707 248
39 496
225 796
73 250
192 606
846 696
201 506
716 832
428 938
300 4
9 100
826 802
753 310
117 746
542 394
56 249
993 95
96 569
890 168
819 433
125 16
480 678
521 547
861 301
485 160
304 493
611 482
294 364
143 762
109 684
507 164
284 499
610 379
419 499
898 589
283 375
605 762
52 477
309 912
777 793
423 433
637 34
266 282
749 408
43 857
443 549
372 727
399 334
105 169
832 355
758 115
729 714
876 780
190 536
43 319
328 817
103 964
850 720
597 598
479 639
806 921
539 530
647 289
863 104
458 46
810 567
512 538
280 740
669 821
275 63
139 955
879 593
270 81
664 867
30 142
857 188
63 396
717 61
36 931
164 845
328 973
411 192
862 690
931 882
511 557
944 1
511 823
946 133
903 609
999 932
751 855
471 165
602 187
225 638
469 741
482 149
65 245
340 279
286 622
160 148
178 104
501 41
278 446
173 532
406 523
815 508
377 286
672 331
824 249
968 293
341 801
793 757
397 132
35 683
753 195
830 282
650 330
322 927
127 846
458 533
368 624
40 745
909 64
75 733
664 394
377 4
546 169
760 943
652 147
977 404
693 806
685 342
488 359
620 614
204 429
146 572
52 538
668 961
601 94
693 264
839 421
619 384
589 730
678 240
876 6
995 568
812 31
261 299
389 880
264 945
308 410
868 712
947 535
672 899
628 716
514 818
488 132
553 76
213 231
667 89
236 661
8 399
43 269
49 432
500 313
728 160
74 595
871 20
481 894
270 460
961 783
277 448
266 829
875 478
411 541
918 999
553 926
397 595
546 798
26 45
462 105
204 535
699 74
906 179
319 175
990 279
309 266
78 574
95 952
51 505
492 969
503 44
246 252
639 791
401 16
835 862
473 39
396 523
464 653
702 135
179 43
765 487
309 843
60 403
794 462
259 638
782 762
33 379
365 23
169 765
391 356
626 863
746 373
385 561
377 438
695 555
481 460
41 789
302 452
543 447
265 801
84 399
914 469
777 278
491 946
394 881
301 19
743 398
743 128
958 119
565 653
673 397
112 65
185 765
868 727
211 133
880 647
531 793
115 307
423 605
604 816
486 256
187 580
653 929
707 611
48 624
263 72
20 726
489 557
490 356
283 700
488 162
698 370
307 812
677 729
417 632
544 254
888 730
833 540
11 892
502 58
867 116
481 238
841 969
794 330
325 429
382 164
590 79
534 248
891 562
976 659
193 520
264 80
601 448
972 611
339 825
20 557
941 853
795 781
821 588
463 497
16 196
661 958
626 546
205 516
107 181
526 299
52 141
731 4
589 54
967 279
878 986
836 170
838 630
951 11
569 765
859 585
960 519
894 585
64 98
453 170
630 330
821 33
471 903
37 59
956 3
337 185
340 524
355 530
153 657
540 722
421 398
658 732
269 551
668 684
1000 472
206 630
802 26
662 624
928 50
682 235
52 370
419 744
894 773
273 398
429 164
471 201
913 128
932 181
30 952
217 30
423 422
659 224
447 672
199 726
722 232
312 125
602 730
868 847
855 492
596 635
655 67
836 568
194 119
100 224
422 316
253 845
737 263
420 535
934 619
612 7
850 923
484 803
5 703
649 859
195 597
845 201
663 680
768 856
151 220
431 572
535 35
768 624
297 188
510 583
806 122
941 7
396 424
810 400
127 810
610 673
406 455
873 68
486 641
276 988
212 706
560 746
741 327
721 389
866 231
323 671
704 264
30 99
687 839
851 165
648 460
837 406
914 710
473 752
702 748
739 913
806 650
10 898
