329 731 286
194 961
609 217
16 224
246 114
910 84
964 427
83 776
263 488
41 324
961 792
25 60
531 937
865 180
947 114
508 29
400 702
341 360
270 356
583 515
821 844
950 785
622 384
912 885
872 952
208 184
744 585
595 274
873 812
805 171
925 313
199 676
366 539
387 635
894 321
501 715
165 802
851 138
185 762
22 56
65 582
591 808
518 186
81 390
997 238
561 273
550 759
949 267
650 335
901 895
656 753
961 172
554 163
309 738
276 683
146 341
616 736
148 133
273 581
874 269
818 786
542 367
545 842
985 546
176 885
440 183
989 753
354 542
915 15
631 191
49 776
531 664
864 678
148 136
610 373
757 427
159 298
145 55
491 129
600 18
365 391
201 353
143 906
246 58
272 877
248 320
652 778
335 515
807 482
3 417
855 759
843 365
408 988
419 898
468 18
915 833
408 467
185 551
725 431
608 348
659 207
668 662
984 354
529 142
836 531
558 42
289 401
406 696
740 176
945 559
193 211
391 952
678 928
502 754
710 461
101 368
667 120
29 2
474 909
144 661
439 701
54 727
453 811
774 544
986 718
103 530
929 845
481 958
772 335
63 833
795 515
200 814
635 581
167 460
489 662
472 280
363 877
6 167
687 132
63 24
849 165
553 129
361 385
86 133
719 148
317 866
15 517
31 1
449 197
460 289
859 283
568 573
159 926
91 197
409 153
220 257
669 772
386 30
508 823
514 227
323 830
92 337
698 122
337 498
670 148
139 880
782 58
452 940
335 543
136 743
47 355
1000 716
478 737
97 985
911 610
563 585
791 6
921 841
127 609
338 149
108 476
28 889
534 832
180 868
374 315
963 420
21 314
487 850
402 583
187 312
544 749
897 335
755 169
527 233
130 864
733 237
692 761
478 577
592 657
796 317
324 758
88 344
71 927
546 472
861 732
136 405
832 32
91 938
552 617
523 33
832 255
622 523
367 99
99 310
107 895
626 430
652 66
126 75
992 671
546 852
754 681
608 937
64 50
875 968
666 749
1000 498
3 621
372 370
719 471
679 826
717 657
607 720
74 732
794 65
754 340
268 859
372 228
796 436
277 22
403 943
770 754
792 124
375 515
845 93
985 876
270 53
532 877
773 605
960 918
21 714
257 640
572 981
867 719
768 496
92 522
438 213
275 581
337 649
95 533
94 432
408 363
484 939
591 608
895 551
526 267
616 134
259 539
114 477
610 233
972 701
754 761
266 29
341 954
677 788
486 122
571 894
837 406
184 427
14 431
329 891
697 296
24 307
835 490
784 796
722 755
848 476
516 113
504 208
66 532
995 552
654 565
445 490
971 980
268 336
410 949
226 459
244 601
765 430
90 548
577 164
303 425
991 170
537 846
377 603
377 724
506 382
288 302
223 610
281 843
297 691
791 874
149 386
475 265
168 916
813 744
431 467
168 421
636 57
266 364
659 995
87 516
376 727
817 951
688 449
793 985
139 935
858 639
672 684
904 191
952 68
