935 382 886
454 803
521 510
68 884
520 62
323 35
790 49
203 92
736 652
884 72
142 170
282 133
193 317
388 384
268 807
670 650
692 123
804 212
633 223
447 504
637 121
539 426
169 93
517 257
96 752
680 590
273 961
722 465
278 461
200 897
267 869
898 958
992 701
521 976
924 967
479 560
440 369
337 608
814 205
216 909
956 896
498 580
208 571
44 485
31 244
734 297
464 631
606 455
332 126
782 607
445 261
518 884
981 854
843 794
58 59
703 365
954 200
944 161
123 339
998 153
934 83
802 398
713 407
204 396
533 986
354 977
598 871
212 578
76 54
372 485
112 426
849 417
977 144
930 99
835 279
604 768
361 405
517 425
811 73
821 695
58 526
23 7
397 234
584 824
288 307
309 751
732 509
520 61
5 801
159 839
79 762
958 791
166 475
215 329
547 387
23 956
913 398
962 309
631 897
484 270
204 792
373 287
653 892
347 657
692 858
495 122
619 452
912 137
278 126
817 176
513 191
483 777
588 444
85 571
693 920
840 896
712 564
534 364
455 233
372 498
90 866
619 60
669 882
548 299
360 364
474 224
555 309
1000 142
104 436
64 796
355 904
43 66
467 577
781 274
809 152
123 250
369 94
309 390
975 857
688 334
220 513
909 126
821 908
620 925
343 683
720 698
938 115
115 757
691 248
30 851
751 504
452 120
597 760
861 924
968 548
609 540
60 518
665 233
425 636
157 120
319 228
169 256
342 283
12 384
882 393
586 985
897 37
104 845
149 964
768 116
863 377
655 274
894 672
506 670
307 14
789 625
242 957
233 935
592 596
671 825
341 256
809 589
645 912
433 793
227 553
260 441
929 915
715 174
586 220
195 244
234 984
869 827
292 453
113 883
48 783
708 740
391 516
328 387
780 113
531 358
665 790
151 945
56 865
470 641
436 664
885 21
999 105
199 643
909 312
877 956
446 584
48 188
452 375
574 583
839 456
292 503
246 442
799 301
658 268
294 94
284 530
466 634
986 665
276 894
976 153
201 773
88 248
313 891
975 238
825 813
694 469
316 939
910 466
591 920
86 884
365 369
765 830
354 750
494 630
995 821
134 196
594 573
443 258
464 769
495 640
582 188
108 249
478 370
714 69
289 799
304 653
519 421
482 225
522 976
854 517
148 339
64 741
911 506
350 726
627 845
366 208
32 473
456 862
842 521
930 482
672 585
134 190
357 616
414 879
943 619
395 90
309 458
183 572
315 532
297 941
728 14
500 760
487 955
973 680
828 902
162 499
838 647
40 195
614 806
73 556
776 819
998 85
628 532
656 942
415 304
235 143
318 734
902 804
41 226
835 868
127 996
718 316
995 757
862 608
562 286
164 338
104 513
774 731
44 781
25 810
84 611
952 401
696 205
556 736
430 391
955 908
738 672
224 732
781 85
692 342
371 207
31 826
719 804
909 114
584 285
923 20
895 875
420 590
79 328
678 509
718 984
768 807
8 991
891 788
428 582
481 150
788 512
327 858
667 235
971 251
519 245
270 765
119 41
707 550
368 736
410 437
719 177
596 78
520 486
865 299
419 346
800 558
209 126
415 875
713 737
477 231
981 98
348 452
491 54
353 858
141 114
295 859
290 242
289 161
727 153
811 497
850 610
54 410
736 820
637 448
908 113
30 240
563 377
691 53
782 395
262 274
508 556
485 150
149 773
310 875
277 121
723 479
82 128
888 817
299 524
616 206
989 646
446 551
374 488
955 508
883 216
781 390
124 265
891 272
37 201
499 666
673 221
144 754
701 31
923 999
907 538
205 895
535 2
797 261
489 751
768 371
966 900
113 89
165 3
713 553
555 211
218 579
783 713
685 483
744 959
482 650
496 38
896 383
39 692
643 527
794 410
250 759
661 714
200 825
68 912
730 623
474 299
553 256
12 237
739 107
195 572
108 43
609 3
425 999
46 67
525 839
828 126
949 488
191 500
665 259
763 746
881 236
44 433
492 55
22 582
513 568
153 620
610 761
622 386
759 19
804 635
209 983
113 158
823 303
9 487
561 772
232 793
359 627
578 850
34 951
783 546
518 935
166 480
695 139
217 805
158 21
440 366
3 552
875 825
206 884
663 119
7 246
911 365
873 488
567 906
790 349
803 308
636 968
139 330
107 355
135 616
375 926
981 730
829 208
906 34
91 569
152 449
166 415
165 38
254 83
295 44
784 450
351 419
417 489
748 875
195 234
842 570
159 175
651 339
382 556
373 824
476 876
272 642
290 788
31 896
871 678
939 654
127 641
424 543
481 523
770 675
757 963
596 267
137 246
606 518
802 330
341 629
557 964
622 199
752 653
94 622
330 384
627 456
24 50
350 856
572 471
530 680
434 126
299 570
723 256
440 876
937 780
505 493
744 126
43 847
778 136
820 459
871 446
266 894
847 616
749 770
438 631
450 871
756 100
793 830
355 232
706 291
363 210
783 458
687 826
304 817
313 123
275 536
920 541
429 766
508 530
536 945
160 337
816 267
436 960
96 142
191 153
432 553
362 566
11 49
743 314
217 408
789 491
943 708
383 371
826 890
252 713
835 763
49 2
381 836
961 829
977 151
981 760
55 695
325 65
743 68
731 311
475 871
801 417
578 184
139 403
425 391
115 259
505 515
612 886
702 572
714 30
74 46
789 129
740 114
545 834
181 275
144 7
145 945
423 75
480 561
477 904
303 944
515 808
458 126
45 512
698 758
541 771
803 330
251 895
443 796
728 975
422 872
981 919
168 755
993 647
315 821
902 970
764 416
777 574
894 173
85 943
930 977
65 84
306 316
978 100
111 58
74 532
929 406
450 96
160 794
94 827
615 347
796 730
763 924
655 8
96 91
950 377
68 14
812 373
329 142
825 791
199 898
323 479
304 124
574 815
918 19
641 884
365 436
613 479
711 268
486 806
358 787
534 777
801 346
150 481
487 974
272 37
223 946
515 878
69 88
693 338
458 685
221 822
121 186
301 183
805 138
989 162
925 522
291 77
219 792
557 57
765 828
93 339
125 607
569 546
46 261
883 503
945 456
677 417
993 329
600 797
466 940
310 742
813 600
818 32
391 375
88 507
554 533
198 679
491 766
224 537
378 458
391 674
265 419
91 257
747 42
405 565
981 715
306 145
666 476
528 409
850 968
915 755
500 464
433 990
229 8
878 606
466 269
280 82
687 722
691 786
115 95
350 447
161 7
591 179
482 119
587 683
86 853
438 585
317 222
926 897
230 804
855 47
424 134
480 462
207 170
247 321
617 948
767 777
955 709
955 788
827 893
471 912
746 260
848 414
481 126
310 62
929 164
460 704
649 940
165 207
461 412
527 77
711 645
854 665
354 160
805 532
53 275
796 150
534 643
915 366
120 576
428 48
92 239
103 740
530 268
299 991
31 177
67 741
822 272
758 527
432 562
58 836
188 853
337 721
848 251
438 967
826 217
367 917
456 469
9 985
88 307
975 118
483 394
211 656
665 320
534 448
881 592
635 68
796 971
140 995
573 577
314 399
146 32
667 601
852 27
937 940
685 264
409 168
657 971
175 673
290 709
121 170
652 755
589 799
726 80
794 298
9 459
48 154
490 67
106 693
93 42
632 778
305 393
297 961
363 823
634 653
531 106
174 534
860 115
333 937
194 478
587 554
936 986
707 777
404 812
469 497
206 453
626 510
845 274
823 559
96 808
563 979
913 737
512 124
203 844
413 396
673 999
302 608
336 8
736 740
172 557
588 377
9 565
238 205
838 60
115 285
867 678
263 131
766 127
255 968
970 667
363 995
17 664
602 704
24 690
443 547
246 382
275 606
946 512
162 135
572 276
772 790
305 386
273 70
512 527
37 834
545 752
828 913
767 781
616 790
470 411
688 67
792 962
24 90
474 537
576 397
813 347
538 469
733 810
539 596
688 575
429 584
678 608
496 445
389 464
586 210
226 274
629 369
235 652
458 708
189 386
104 353
732 642
821 816
803 711
412 491
286 192
74 315
800 922
759 540
737 345
749 962
618 377
330 852
381 140
560 569
877 15
273 608
8 93
776 811
804 539
301 441
730 726
755 881
647 866
420 383
210 521
696 827
249 378
30 629
869 941
549 745
956 821
352 963
266 479
125 421
17 425
213 99
503 319
979 149
184 751
884 745
271 579
571 871
956 953
500 176
893 400
920 848
573 624
163 838
102 287
610 471
64 174
569 918
492 899
66 28
649 301
772 271
232 695
