494 539 647
993 715
539 744
634 739
316 257
901 505
711 539
114 181
954 639
749 871
131 999
289 158
1000 589
281 622
172 975
115 711
621 107
425 160
203 58
898 518
667 150
23 377
40 488
557 994
127 657
216 609
655 504
118 6
445 398
628 616
373 742
326 993
201 102
504 403
160 401
920 178
550 294
554 590
134 462
935 260
118 150
220 124
6 337
130 802
86 109
769 458
850 447
803 50
548 306
452 59
59 724
236 608
17 141
549 150
602 835
761 719
337 332
195 342
20 676
495 106
784 263
915 633
61 717
683 609
375 486
19 433
209 255
392 578
395 941
727 349
775 840
67 111
171 613
804 191
288 650
648 423
913 562
56 325
631 90
933 5
575 304
437 136
910 828
713 656
120 791
4 247
630 423
709 153
35 513
695 675
162 342
97 426
903 504
751 533
593 35
889 520
338 325
7 247
153 719
903 624
509 258
870 491
680 579
643 715
443 689
389 956
30 837
382 284
341 484
169 285
870 57
156 560
382 162
158 886
880 412
509 741
670 379
583 349
309 225
63 751
265 803
706 294
992 439
577 332
274 97
968 144
154 124
55 535
285 212
772 517
624 280
609 293
10 191
641 318
767 56
420 31
210 126
324 201
916 252
884 190
349 852
333 854
975 739
388 611
950 511
127 573
790 735
217 152
925 210
821 691
265 241
73 826
718 748
27 633
1000 262
822 700
113 506
553 87
244 292
50 546
802 176
118 943
263 687
446 539
896 267
582 512
859 654
337 576
402 715
208 753
977 382
804 89
239 708
528 835
999 577
380 152
104 497
446 718
535 892
257 430
510 838
941 368
843 630
943 596
344 502
348 672
235 151
113 474
858 992
308 208
920 687
711 23
535 509
93 70
400 349
851 261
538 792
628 732
773 922
328 468
775 675
140 10
178 604
483 387
595 142
595 514
180 657
888 714
165 980
135 916
680 986
176 569
129 155
301 901
428 628
368 203
302 859
212 479
462 46
218 56
187 812
921 366
820 809
431 337
140 566
604 820
903 780
388 31
286 688
931 714
667 650
916 969
509 479
799 322
524 16
730 710
179 650
427 351
810 857
687 950
774 290
121 676
421 860
706 707
900 988
772 566
638 39
886 498
517 685
171 40
52 900
101 231
550 879
581 711
735 619
660 861
908 132
536 329
344 594
387 243
581 510
808 570
548 694
419 64
730 590
455 781
489 555
363 38
433 943
101 519
913 760
379 821
244 267
501 587
860 239
829 792
748 988
362 295
33 780
710 114
369 164
247 210
70 609
599 854
904 699
724 816
811 455
636 54
721 488
992 932
726 820
723 473
159 436
119 544
568 828
9 288
343 255
497 412
864 96
617 119
794 341
934 604
795 922
9 867
761 1000
798 487
171 872
959 682
308 78
577 875
257 585
514 600
840 11
363 55
458 980
525 251
672 810
207 818
731 215
684 492
567 833
330 737
56 288
418 363
717 346
589 974
931 103
925 122
465 287
528 922
618 52
524 641
861 730
458 944
297 493
787 215
325 116
951 381
755 721
95 472
66 36
797 348
490 73
469 954
711 996
227 329
47 750
969 908
832 427
203 128
919 989
342 596
104 644
328 858
716 422
681 134
809 477
481 298
901 950
603 612
297 829
940 344
579 260
603 410
38 805
889 309
793 582
904 248
225 583
105 293
356 786
426 165
614 906
462 515
207 65
126 504
893 417
199 471
28 153
232 66
309 120
374 453
701 629
700 278
211 156
570 566
293 995
730 907
252 544
773 811
608 250
666 852
18 216
675 45
368 906
110 676
378 835
480 78
463 179
355 25
686 276
943 979
622 672
237 874
567 9
36 526
610 701
730 627
916 404
23 635
661 133
662 38
319 141
468 134
671 174
158 356
450 100
334 71
124 922
296 690
282 331
568 891
383 297
869 298
52 892
284 712
376 945
102 694
85 921
827 755
94 337
463 895
436 796
318 911
718 613
953 999
296 520
242 678
168 110
328 219
353 611
282 728
556 383
774 992
655 952
747 101
288 561
995 76
708 312
338 425
277 642
776 572
513 369
601 680
830 928
898 183
891 532
262 798
914 387
789 569
339 887
669 978
447 15
405 155
679 743
931 955
384 58
878 897
426 478
928 608
758 178
142 648
709 403
445 974
142 585
894 832
472 914
161 918
929 566
424 607
660 355
913 395
764 790
643 542
619 571
149 728
100 290
375 808
44 171
781 185
756 675
16 579
588 177
848 516
94 272
