469 285 362
411 35
519 467
817 876
868 307
285 685
908 655
492 174
825 115
658 232
149 951
682 520
916 370
708 628
397 750
96 681
111 859
715 982
325 884
857 192
542 493
228 449
147 71
974 324
185 631
555 686
933 588
205 848
958 265
476 354
366 923
386 477
781 452
810 458
687 666
649 228
510 229
28 657
299 1
980 484
631 886
169 916
473 725
763 782
341 590
135 707
865 520
535 645
324 344
454 10
361 103
238 870
331 265
878 981
618 209
464 600
94 984
515 919
61 630
700 753
219 187
459 83
706 345
80 381
688 533
391 400
987 628
622 669
244 499
650 861
708 465
461 153
801 327
71 213
956 771
965 527
957 424
609 14
768 40
395 808
925 785
559 263
764 180
932 359
31 933
220 90
749 32
242 549
358 313
761 666
435 78
192 743
501 152
108 620
544 854
779 468
638 690
730 753
221 13
112 251
945 683
692 46
66 934
594 423
598 707
440 384
136 631
478 636
135 585
607 678
439 738
145 428
427 226
533 999
239 644
250 535
678 941
580 743
226 526
517 175
232 957
558 367
939 35
354 73
972 312
750 410
401 894
189 179
120 721
178 710
716 779
244 393
71 824
135 297
349 652
823 932
608 381
650 546
767 355
619 90
18 720
499 419
614 40
949 85
760 126
146 476
904 389
868 327
564 355
623 264
6 797
547 965
529 548
510 296
902 480
737 272
200 236
42 165
627 990
601 386
468 746
213 723
486 433
49 402
139 23
665 144
820 212
108 348
111 969
995 13
449 732
636 1000
319 677
164 945
666 764
682 133
861 247
856 346
31 904
747 169
927 764
312 98
327 771
445 437
739 440
449 187
523 84
186 841
112 701
785 778
464 818
262 676
64 117
22 94
373 768
262 651
883 925
748 209
695 544
646 434
335 446
972 857
882 510
697 993
210 833
770 26
651 384
701 66
852 74
512 224
194 125
226 76
50 325
285 96
869 930
881 203
375 205
412 608
714 108
601 275
293 722
652 295
105 353
360 957
778 223
180 971
348 758
47 749
82 683
196 302
612 77
857 338
281 268
946 346
727 898
972 19
619 624
313 724
328 25
680 105
599 211
76 946
968 474
46 402
156 242
703 119
670 559
456 950
826 753
647 905
650 618
923 621
593 588
344 920
964 23
377 562
585 804
860 553
277 905
954 432
146 8
902 815
919 357
116 96
462 114
1000 463
84 923
83 676
862 778
948 825
800 324
738 385
127 597
289 755
502 594
538 999
953 439
814 871
147 281
967 608
395 966
423 830
240 857
505 453
635 804
629 786
127 367
522 605
315 162
711 816
755 248
167 60
686 332
930 833
612 248
792 358
566 566
187 157
423 44
610 409
847 238
546 326
956 420
282 271
581 993
438 688
240 604
747 278
935 28
110 899
276 253
608 193
819 147
349 593
190 958
353 388
548 898
65 855
669 347
125 250
691 563
289 282
518 35
559 453
414 20
703 689
273 310
233 443
456 582
387 997
891 739
385 438
988 801
293 657
147 769
258 189
683 546
471 201
932 381
5 345
401 707
34 25
368 266
819 824
199 205
172 90
295 908
879 634
709 523
642 207
292 899
396 326
444 218
526 375
598 530
720 350
588 105
726 956
722 544
131 273
100 654
362 746
562 592
380 270
115 21
476 758
272 871
83 715
88 961
442 38
842 513
387 430
969 113
737 42
8 219
314 108
872 27
853 433
619 584
702 85
957 530
842 228
400 276
294 840
236 735
877 430
599 263
859 567
727 947
961 735
517 274
194 388
301 46
173 271
982 226
355 938
755 548
517 155
823 810
346 411
897 222
840 847
836 50
414 563
996 374
297 512
999 490
251 299
887 423
921 220
1 275
509 755
822 25
261 997
187 606
759 435
179 950
281 15
999 46
929 346
771 577
209 770
418 811
420 656
586 341
876 586
967 736
340 789
761 953
137 299
910 895
733 89
844 13
455 194
411 383
539 181
311 99
302 728
909 722
735 846
414 610
431 380
698 123
520 810
75 656
108 984
902 840
424 97
204 878
290 614
612 180
147 922
630 448
1 891
521 736
736 934
697 167
666 394
289 537
203 715
193 662
50 446
853 474
543 57
703 184
22 315
364 168
588 345
968 941
235 488
