474 753 978
738 499
741 527
142 282
498 64
430 225
163 71
952 970
115 122
750 651
229 776
667 159
364 195
7 231
640 630
57 744
607 794
242 699
673 383
333 170
798 114
746 960
185 697
281 299
171 31
949 751
158 967
910 521
513 268
104 152
897 160
247 855
305 489
553 977
223 237
498 21
351 244
332 535
940 613
185 110
995 133
861 152
452 122
25 316
389 128
820 285
639 66
139 943
554 43
272 129
280 769
149 630
12 480
516 304
92 700
765 86
184 625
238 987
98 614
303 486
741 122
770 731
187 260
25 93
655 296
221 934
65 721
915 428
200 430
731 644
481 496
729 664
472 318
651 570
931 953
407 23
426 177
753 964
788 130
56 442
425 628
727 841
348 993
621 548
774 703
543 254
550 623
270 374
941 920
295 223
224 701
598 1
229 702
964 17
831 372
810 608
999 889
448 347
233 420
246 7
123 140
612 672
762 881
397 54
152 691
277 727
392 226
727 620
927 43
988 758
414 798
717 764
38 164
462 270
936 59
628 58
198 240
81 960
472 830
13 976
520 641
54 911
866 133
531 793
175 518
902 940
667 618
55 56
133 517
326 420
575 305
477 773
896 910
84 368
739 448
695 610
89 748
521 954
880 403
98 406
272 351
697 939
320 752
346 453
268 671
872 194
328 701
318 223
962 401
942 52
849 636
661 289
736 533
242 967
935 692
373 207
42 421
497 362
172 842
166 791
865 389
985 192
441 302
414 402
55 708
805 255
695 466
543 430
998 136
397 285
827 121
491 221
893 987
934 65
180 99
855 44
839 191
235 280
493 1
681 899
60 486
153 754
303 695
184 652
830 932
936 9
404 778
229 296
764 514
712 944
612 567
339 450
109 926
729 953
278 762
851 337
599 355
90 253
49 625
904 231
908 192
591 663
969 171
959 85
684 22
380 295
940 718
96 49
643 177
1 920
290 852
608 888
206 698
140 607
674 395
189 582
586 779
244 907
301 554
991 984
576 370
630 515
87 77
563 82
253 916
353 542
767 961
781 324
10 272
282 683
667 470
616 604
600 212
510 252
765 852
235 692
221 864
559 660
941 473
93 545
388 797
439 506
757 219
830 118
491 111
153 157
933 768
112 884
331 974
136 448
825 722
139 46
938 49
57 878
522 149
774 909
945 212
415 54
431 596
523 273
58 675
781 342
795 892
578 125
865 65
924 690
786 63
87 723
463 143
952 984
643 726
245 939
289 11
344 71
958 867
343 15
893 123
709 687
15 286
164 231
350 87
920 487
501 358
210 964
500 513
299 494
238 543
785 879
905 128
949 862
994 644
229 239
766 937
277 132
574 792
363 275
879 634
761 731
992 970
46 843
483 345
337 72
239 121
302 144
600 251
357 946
894 585
184 11
521 460
143 94
252 857
368 482
490 481
564 481
450 610
324 284
306 12
708 896
484 9
39 83
611 748
28 856
332 211
219 205
23 713
298 274
569 18
107 410
850 670
891 299
631 566
935 936
929 994
832 412
354 222
494 965
969 874
172 301
436 390
505 458
102 154
83 670
523 189
80 372
211 322
23 841
239 309
777 167
302 960
930 7
533 775
971 502
648 143
154 84
884 10
893 986
515 976
7 390
516 86
113 726
759 487
567 349
795 695
515 448
6 444
455 538
219 777
39 218
271 544
301 155
905 194
140 420
521 498
161 36
936 273
114 694
112 680
43 906
726 909
706 731
705 512
268 275
640 659
492 911
554 145
417 459
690 908
230 562
405 390
597 340
14 710
386 125
741 428
383 818
688 440
548 392
303 168
18 942
178 510
204 731
6 620
189 47
527 418
608 932
159 204
623 525
266 8
1 358
787 383
528 475
174 427
218 476
594 588
418 123
449 621
854 454
241 42
500 119
812 107
402 322
662 25
846 279
384 847
989 171
581 516
997 755
294 566
230 240
153 647
362 601
620 215
406 212
257 905
330 420
363 84
741 377
460 587
7 843
785 995
365 365
862 361
119 508
279 349
747 431
347 108
384 318
323 789
529 931
46 211
702 760
294 442
488 753
380 495
947 164
841 312
881 55
24 999
562 302
699 308
85 398
415 820
715 89
608 244
371 5
806 72
117 99
866 604
203 245
98 501
761 939
812 641
993 188
991 554
489 42
213 925
