439 979 744
153 68
704 748
438 708
553 862
824 3
727 428
557 971
877 58
83 167
221 75
511 408
66 416
249 107
628 173
897 607
269 401
26 972
149 463
31 53
324 207
408 402
986 316
373 862
725 807
29 946
882 891
705 947
307 953
405 934
478 301
892 746
53 917
69 553
732 99
606 407
305 365
809 290
32 533
152 757
339 532
54 220
422 758
166 80
63 922
366 540
574 257
637 627
526 705
179 257
803 136
15 108
500 823
749 532
355 252
640 694
783 693
913 557
802 431
636 864
352 353
755 926
962 743
552 487
447 82
95 602
218 109
61 69
284 809
600 638
61 591
683 195
283 948
751 85
378 739
300 81
91 407
358 404
149 261
890 596
343 336
549 560
797 609
628 80
417 580
69 829
170 752
24 805
51 126
241 428
216 540
860 659
298 218
62 447
478 952
394 172
639 942
83 435
550 711
514 318
642 583
499 811
686 522
967 736
999 207
515 215
99 374
873 396
943 286
194 773
237 587
296 228
528 379
662 429
89 528
99 82
110 597
244 147
470 211
234 468
769 748
34 219
473 258
967 768
544 160
540 132
747 835
359 626
213 21
407 653
548 505
734 9
101 978
507 922
540 740
389 308
487 775
527 311
32 493
78 575
4 969
707 750
804 65
728 368
437 134
373 336
638 106
344 90
435 202
11 974
941 751
634 779
525 160
90 557
4 167
131 7
136 837
109 291
254 188
10 690
321 382
26 310
840 721
751 626
923 113
952 863
863 585
642 740
96 83
648 99
249 778
457 736
967 917
378 572
104 388
261 776
121 638
85 312
359 187
290 633
299 241
847 514
825 840
253 920
922 252
370 523
29 178
258 347
95 988
918 198
727 531
974 199
168 410
511 878
949 800
510 247
40 709
112 216
548 716
487 470
967 856
992 348
33 601
694 127
588 964
677 666
846 2
865 13
763 727
243 711
526 104
310 917
812 421
484 360
489 970
181 455
177 524
802 561
124 848
40 64
163 716
729 8
69 945
372 831
671 966
542 548
70 851
816 233
623 299
944 111
620 124
918 148
647 719
709 123
918 748
186 80
815 266
439 883
563 811
713 233
776 606
133 197
808 948
430 783
599 725
893 570
849 810
718 847
881 426
969 150
525 506
582 339
124 20
221 686
182 285
270 310
243 402
858 50
702 639
184 652
364 77
221 564
238 290
410 470
715 731
972 239
588 553
929 63
572 501
748 106
138 370
767 380
771 624
781 824
263 965
827 626
393 48
541 982
689 302
452 404
32 423
994 972
327 275
34 250
775 134
355 912
503 121
291 625
745 424
449 359
388 275
984 780
674 524
113 715
177 564
470 209
338 463
532 16
89 565
266 864
698 620
127 200
93 418
825 837
193 625
195 580
251 530
711 277
405 823
991 581
739 460
141 428
274 672
444 363
589 709
578 286
328 704
838 772
473 14
608 665
990 154
244 240
35 306
868 439
129 210
372 867
21 864
294 647
536 89
9 124
797 938
761 477
641 950
248 114
963 208
778 952
361 374
544 748
679 763
538 159
973 909
25 345
773 671
991 660
759 351
135 908
288 247
384 929
197 983
394 159
190 523
463 903
248 6
650 927
120 539
437 92
448 814
789 572
484 779
583 594
130 717
853 417
963 236
697 159
571 90
670 760
965 132
14 212
489 15
490 608
554 927
52 353
740 840
276 575
618 858
520 99
926 373
868 240
608 564
751 530
6 420
642 970
551 655
533 391
22 23
998 927
949 49
631 40
888 906
614 858
115 133
956 392
505 175
631 465
739 733
994 96
152 635
65 54
642 949
444 15
971 442
941 919
842 571
310 730
828 923
939 942
408 246
333 912
421 315
728 511
48 722
606 551
708 22
605 701
970 400
715 941
193 7
211 35
577 873
116 404
795 54
345 202
651 29
466 71
696 193
933 743
266 538
293 326
911 249
378 233
649 93
525 841
99 87
227 28
959 342
431 754
747 128
307 398
508 124
820 203
