669 753 297
286 642
590 611
553 190
341 785
838 433
661 31
883 747
257 910
706 599
693 811
697 820
469 94
679 593
914 882
613 18
178 898
659 119
861 563
309 201
699 498
985 359
528 867
106 137
129 811
87 173
621 783
344 89
877 22
33 142
903 645
159 433
543 817
903 755
380 563
955 78
61 291
437 588
509 894
76 637
704 162
809 324
945 152
764 821
526 797
314 780
793 472
212 687
640 467
441 371
29 747
449 89
37 237
29 546
130 104
534 185
266 343
860 562
846 623
382 371
771 695
151 564
518 714
602 157
180 43
528 209
789 328
649 178
916 677
723 397
133 256
933 750
950 792
311 796
766 44
518 537
90 668
452 607
734 53
115 913
447 642
473 588
321 122
765 588
150 487
984 282
742 916
383 44
59 693
839 825
736 708
713 825
376 516
783 461
920 898
373 367
891 198
954 564
671 718
151 820
204 487
454 297
402 836
340 813
529 530
637 616
238 349
441 965
216 223
425 135
472 149
501 363
346 454
926 16
523 428
188 726
914 641
375 668
476 66
480 356
948 468
972 185
168 764
501 383
338 925
517 810
73 18
524 771
823 801
138 346
580 325
423 494
965 149
161 793
215 992
500 162
459 823
698 626
586 198
8 276
122 876
85 546
893 960
668 716
112 806
413 691
130 835
184 447
984 696
591 198
39 90
711 497
913 408
474 850
605 833
125 78
709 561
623 953
872 291
668 983
448 432
26 577
267 209
23 250
257 965
799 295
55 861
144 319
268 969
520 224
154 997
301 862
557 275
814 429
917 834
763 364
617 788
941 883
349 315
484 605
280 634
251 686
494 746
356 113
715 227
336 868
223 636
81 780
263 246
560 179
431 674
543 48
462 835
282 162
149 766
118 780
751 368
817 245
466 172
357 532
751 45
751 973
680 831
104 294
428 663
473 211
689 15
610 502
849 891
663 349
8 780
129 759
499 297
355 964
821 711
495 571
107 245
543 139
427 647
432 207
661 904
769 701
918 378
202 118
268 864
467 628
643 947
386 494
243 740
457 63
802 304
985 909
900 528
47 679
526 478
237 186
382 5
887 651
382 440
121 1
304 939
628 298
885 13
791 479
104 600
894 258
903 878
166 802
757 564
832 282
41 68
820 774
72 58
777 805
497 249
806 800
187 433
450 423
798 240
253 253
839 146
510 93
376 675
247 132
590 78
414 983
146 233
756 569
290 884
374 138
484 179
938 670
963 387
444 760
978 697
13 817
842 874
261 217
549 507
701 138
585 114
120 82
346 228
650 987
463 375
124 947
905 413
968 868
151 412
979 129
108 343
297 301
217 909
870 117
416 570
606 1000
35 78
433 732
657 434
718 119
809 193
417 65
958 737
932 108
148 263
588 607
605 236
259 173
145 480
289 560
49 895
911 83
972 695
814 980
128 883
98 288
428 867
353 385
603 636
844 102
898 432
60 855
19 318
27 163
150 668
74 198
562 336
633 885
30 798
864 510
33 313
149 460
531 853
196 133
489 39
586 738
470 645
944 489
315 971
3 464
638 77
13 551
764 997
787 794
147 2
303 179
314 451
990 197
304 185
681 144
223 267
233 45
263 177
885 577
147 239
392 136
315 405
38 79
401 824
224 899
825 878
77 490
680 418
686 335
954 367
478 529
633 63
573 247
239 809
824 737
47 215
872 714
971 261
144 724
84 367
622 908
244 51
749 275
468 435
610 774
153 439
302 137
501 874
383 91
34 558
827 80
773 50
793 95
310 936
170 393
302 792
652 897
194 753
172 13
539 133
786 691
571 87
827 424
312 209
514 345
119 693
425 243
742 217
337 404
505 507
148 158
650 800
407 843
904 930
207 442
62 993
132 984
431 310
407 743
870 273
87 988
965 863
230 706
432 567
109 936
425 609
445 426
760 851
620 663
780 826
104 841
170 235
825 601
544 583
343 765
855 781
753 819
996 982
525 427
900 985
714 676
593 158
101 352
9 720
366 788
546 469
629 715
55 805
667 950
387 9
715 242
142 467
60 137
448 936
915 700
273 628
375 217
137 476
921 145
195 286
933 92
107 913
159 161
69 825
111 455
186 825
48 679
291 460
815 90
395 81
141 19
60 516
588 196
343 508
341 537
145 625
981 251
889 139
412 957
963 874
763 500
698 811
178 340
270 344
781 16
424 922
387 483
789 974
679 131
833 371
19 977
347 999
228 235
489 991
543 804
216 305
303 265
467 481
604 88
176 736
456 600
9 842
434 797
815 464
279 647
186 298
975 532
648 554
766 137
544 308
940 111
965 594
375 431
426 330
519 602
66 326
201 426
167 986
575 333
802 853
979 987
150 305
519 150
859 636
286 754
944 577
865 260
170 239
690 596
569 560
197 986
237 749
763 403
734 337
735 535
190 65
874 691
370 392
192 228
27 477
333 322
53 197
581 223
788 623
818 708
534 366
693 771
114 807
525 199
144 260
86 685
676 959
727 45
702 919
624 728
395 309
402 800
505 982
22 292
956 191
999 842
556 43
612 21
850 488
571 345
747 656
29 775
966 755
171 667
25 147
395 420
455 148
571 959
481 592
603 437
134 953
630 41
348 593
413 549
80 983
893 179
639 273
953 604
27 123
623 404
269 369
175 723
516 745
34 996
688 988
432 821
940 413
213 287
5 625
835 85
607 79
263 597
351 215
553 730
689 175
133 310
543 307
384 58
51 417
53 90
404 837
262 696
249 474
334 254
450 169
690 56
599 952
5 950
518 557
679 206
83 163
515 625
469 899
34 871
667 86
960 423
274 573
118 875
46 451
480 495
971 169
902 570
120 258
871 989
814 901
194 248
63 61
872 883
311 905
105 329
343 416
751 616
988 220
490 33
671 969
879 993
489 132
914 608
390 784
948 555
684 142
803 746
554 26
980 216
931 84
544 273
499 295
240 486
514 82
870 536
402 748
529 891
232 794
850 621
578 798
527 613
291 681
711 196
707 690
411 989
774 954
613 624
600 852
110 466
285 979
353 687
79 233
929 662
27 130
282 604
