279 160 568
569 841
278 764
899 320
526 887
93 832
499 68
431 702
177 248
987 508
601 25
938 833
305 599
859 434
232 814
713 391
382 633
583 11
749 481
330 274
719 422
105 217
842 888
271 18
135 257
877 87
633 814
920 937
412 130
722 643
944 786
386 677
419 320
687 519
153 17
144 871
790 601
440 631
488 710
649 974
318 525
413 950
691 332
238 102
461 311
97 756
97 834
432 867
153 119
737 305
135 880
176 924
480 615
555 319
676 555
645 993
431 57
294 121
740 883
575 552
193 671
308 641
504 739
859 8
209 595
313 343
475 488
619 306
454 525
625 481
79 269
473 509
677 118
982 416
1000 556
967 544
578 274
185 433
365 43
440 925
990 752
620 816
591 238
121 396
762 97
876 192
717 700
52 393
817 33
808 816
940 127
360 869
400 896
301 116
938 93
41 279
196 660
94 787
249 567
534 362
663 410
905 380
461 956
124 278
341 284
93 280
410 804
501 161
699 801
277 989
245 669
267 441
680 713
579 280
279 112
641 293
873 545
24 334
852 148
963 192
431 55
824 192
211 324
352 261
476 980
249 721
1000 868
513 679
932 91
310 210
554 950
502 779
846 526
464 698
25 426
241 807
832 64
998 394
739 701
655 215
33 255
287 32
474 151
63 405
593 372
966 498
674 468
276 519
345 91
568 721
516 809
527 700
224 876
93 963
928 747
529 960
354 167
992 827
317 54
232 909
777 549
406 450
368 34
969 712
124 536
784 992
696 662
691 920
537 135
234 465
882 762
424 587
928 767
413 596
172 996
856 949
545 261
398 912
646 366
976 770
254 111
113 301
773 803
220 661
937 805
477 170
566 253
756 845
19 521
440 191
868 295
139 764
908 536
28 553
254 355
674 859
465 786
159 237
940 731
250 229
535 726
398 453
978 506
649 997
378 89
539 245
735 677
9 994
564 388
899 169
742 572
27 206
710 538
795 649
620 44
229 154
121 627
958 99
484 607
447 213
47 337
457 133
13 817
127 928
204 377
97 297
300 123
503 9
660 649
10 631
44 590
785 164
568 94
614 51
700 412
263 98
748 72
231 112
240 709
40 796
85 136
92 736
610 946
97 622
946 458
252 989
47 388
505 615
482 470
17 533
882 632
631 981
55 213
93 294
921 484
441 357
971 885
444 580
182 540
553 128
997 805
468 44
544 972
658 25
794 26
910 675
657 540
7 711
752 451
5 24
934 797
732 256
33 175
836 215
715 740
694 63
896 161
106 440
485 115
464 278
