141 725 304
797 264
310 860
367 113
216 742
398 12
473 654
45 1000
841 611
714 580
304 776
476 816
234 915
300 700
730 577
192 455
232 989
70 894
200 789
6 415
530 403
426 355
56 822
354 896
432 419
828 87
194 303
903 779
569 202
479 650
131 670
456 714
10 526
607 209
666 612
623 195
15 401
901 422
222 254
670 6
672 497
92 218
151 346
348 71
548 178
720 30
848 176
743 209
53 702
770 718
313 392
264 679
144 517
101 718
770 122
723 794
970 166
363 120
512 62
190 411
240 261
792 439
788 886
647 840
587 416
909 900
160 525
930 655
41 382
372 162
503 446
307 472
612 21
591 475
83 132
885 322
393 28
760 180
913 758
372 500
174 632
399 685
156 328
339 548
710 63
710 564
508 16
36 119
37 978
593 471
462 829
792 206
856 903
737 769
660 460
268 185
92 18
869 247
697 560
795 758
622 856
674 481
871 709
600 259
38 544
729 851
725 872
56 580
774 145
700 434
604 319
970 695
688 191
942 385
102 88
494 723
943 167
555 165
227 506
776 617
50 856
467 126
728 523
57 853
667 757
638 270
427 608
317 115
798 610
851 899
697 696
973 991
863 879
155 441
385 282
57 434
138 524
559 217
398 615
421 416
723 59
37 150
