537 367 623
263 985
129 430
340 268
654 479
193 752
177 37
248 193
302 158
931 625
457 171
317 109
25 175
74 49
801 48
937 167
670 199
504 150
629 843
418 634
673 962
385 849
350 984
393 652
494 324
276 950
494 593
410 870
119 835
270 920
883 206
86 904
405 941
406 385
135 823
18 808
136 754
8 837
738 401
488 583
724 764
884 569
708 646
438 826
480 60
97 362
265 183
266 21
475 671
757 610
845 126
417 332
880 776
168 969
176 656
551 899
771 786
819 830
431 257
7 911
316 104
272 932
638 889
305 112
911 61
721 107
187 489
790 418
265 958
386 440
965 288
691 87
73 509
916 504
117 922
766 432
25 389
716 662
630 20
774 540
432 846
999 618
335 788
35 599
97 772
38 61
411 80
147 836
589 414
691 705
336 456
489 712
844 556
726 473
927 851
365 358
696 715
976 382
502 362
980 599
486 370
11 896
449 158
731 389
923 773
446 258
228 934
322 424
841 399
248 767
249 964
124 296
678 99
678 532
813 657
130 298
378 492
545 179
649 628
567 924
400 12
181 980
297 854
403 137
252 2
255 852
966 379
148 643
829 825
526 641
833 655
290 563
499 835
741 499
462 307
422 861
671 955
840 967
808 594
456 412
596 710
263 561
440 410
555 269
586 81
261 771
87 551
333 585
385 73
436 198
731 857
410 401
811 602
720 971
195 527
382 142
236 644
54 676
406 961
296 343
393 556
113 831
458 445
416 194
517 203
391 248
59 153
1000 870
754 719
840 300
245 573
794 833
216 847
860 973
159 155
316 551
62 428
382 520
225 149
65 93
351 456
692 409
960 692
630 713
410 821
364 7
393 157
191 961
356 50
933 514
556 600
65 969
380 798
840 604
946 905
48 648
712 740
408 671
431 38
735 192
210 98
550 603
255 740
915 610
141 199
475 696
799 539
665 530
688 856
485 985
760 532
632 823
271 40
493 53
429 227
597 638
677 146
592 931
886 506
892 26
705 366
74 855
257 90
736 944
945 220
929 705
751 912
879 374
951 372
778 731
950 374
721 626
520 312
908 757
170 799
782 226
517 207
432 773
296 167
68 241
386 348
297 488
260 175
861 562
898 639
293 848
12 13
473 883
676 381
639 845
531 773
422 47
979 853
171 275
19 239
867 404
938 515
244 197
689 104
759 939
94 51
786 458
415 610
692 90
342 331
287 225
455 708
271 433
561 794
59 579
384 925
335 321
439 578
518 480
33 276
770 479
678 555
288 444
516 979
533 210
661 171
434 115
879 56
548 791
849 958
369 232
235 55
553 673
984 422
504 369
49 273
847 78
179 486
521 47
816 405
256 477
576 689
943 806
744 842
596 945
800 316
528 34
371 432
58 706
853 914
74 253
186 272
330 717
109 202
763 925
607 18
401 534
58 695
339 153
537 286
97 336
601 625
369 323
56 426
29 261
339 454
513 877
726 195
593 834
396 707
110 2
724 510
887 133
557 577
285 93
862 382
428 463
358 796
137 765
573 165
25 264
619 890
140 696
84 84
881 479
790 991
833 865
852 71
997 408
648 281
500 509
14 927
323 371
74 460
488 647
976 512
910 594
753 401
289 836
836 522
667 625
512 851
841 363
921 189
771 568
821 270
429 187
197 751
557 622
210 396
268 538
260 529
131 12
281 772
200 116
293 218
92 804
68 284
518 988
472 288
908 645
558 336
831 106
86 739
79 648
135 347
185 394
227 667
757 860
790 956
975 434
173 419
237 240
702 755
580 174
394 487
170 303
174 1000
408 259
90 839
258 576
185 794
969 763
813 726
622 602
33 949
36 206
367 624
797 68
730 376
593 124
214 114
426 387
465 186
998 555
24 607
130 560
753 451
674 565
528 648
518 560
948 905
765 314
529 914
733 610
641 678
733 207
791 511
593 256
48 942
162 423
901 643
334 653
93 359
569 620
358 438
532 305
343 648
970 871
561 55
832 202
732 565
408 874
427 352
481 826
646 994
600 546
637 933
550 81
643 470
53 1
907 584
657 249
231 627
471 792
681 303
345 764
219 104
989 997
807 470
822 452
463 421
349 451
705 250
532 699
719 584
699 978
167 356
578 397
334 49
540 366
703 236
129 921
339 469
269 498
938 90
301 753
862 650
555 918
251 86
968 322
669 667
299 187
374 876
936 59
276 475
424 978
63 904
250 401
372 518
250 662
959 551
766 172
552 320
441 802
758 409
475 426
75 125
965 800
1 900
858 628
726 633
958 788
536 559
541 259
77 790
272 387
692 37
559 243
709 999
45 466
407 519
243 833
644 207
984 996
458 193
975 184
825 284
323 712
843 215
323 271
357 594
657 48
983 567
291 691
918 687
508 676
557 750
509 552
957 844
899 766
37 226
301 213
509 976
925 351
190 599
621 898
192 630
298 526
548 588
568 465
626 75
493 534
