825 1 86
133 196
336 898
232 561
551 445
70 526
721 772
67 671
745 965
862 726
262 740
273 201
307 90
178 382
582 711
558 934
148 42
129 484
291 713
396 841
509 817
366 581
589 785
251 685
749 464
410 362
203 34
914 510
123 91
243 704
153 152
637 653
193 118
488 483
830 883
676 338
52 393
918 992
177 168
676 277
631 437
638 186
470 903
47 593
345 289
648 498
440 285
502 984
402 989
466 583
871 493
272 922
886 189
265 62
708 940
339 690
376 328
227 198
231 273
790 575
561 437
424 352
73 925
335 826
913 153
408 136
645 679
409 530
219 674
944 278
965 282
320 693
609 546
890 839
819 679
766 731
467 541
435 892
466 121
717 730
273 477
865 270
507 626
151 78
299 94
355 615
727 26
307 336
572 196
526 742
226 643
472 45
184 258
936 1
379 4
730 3
480 947
272 987
572 775
64 222
868 770
836 595
796 495
282 719
42 159
460 268
802 283
664 985
541 599
985 271
602 66
273 434
364 897
420 287
671 835
508 890
956 696
836 751
542 117
469 583
276 280
850 429
563 865
413 455
463 749
725 417
166 997
850 530
893 621
816 563
807 676
805 762
723 640
865 264
757 333
846 384
613 48
812 527
912 576
981 727
676 705
143 193
701 344
74 946
316 890
860 474
917 664
235 639
304 99
902 412
784 99
147 396
146 310
274 58
885 254
136 912
958 630
104 10
973 178
307 640
419 167
113 335
830 699
325 485
798 226
248 933
676 394
680 822
703 953
231 939
206 366
202 515
995 658
876 319
187 183
958 605
701 422
291 882
120 615
367 269
192 614
553 867
8 232
40 62
184 270
1 741
635 554
255 981
211 483
299 397
17 608
1 717
381 643
598 853
609 964
121 152
930 26
371 289
257 410
702 441
32 54
181 666
608 788
999 818
622 297
215 638
905 567
354 285
562 303
489 170
619 962
322 548
987 44
188 243
805 889
683 836
943 216
854 550
355 852
719 976
148 933
965 404
852 670
41 413
972 529
582 590
490 255
489 476
650 676
71 455
917 105
290 211
320 143
760 26
346 478
353 494
763 317
249 966
986 289
378 958
170 311
899 11
918 388
839 567
415 909
373 683
13 663
893 685
157 4
710 503
482 63
348 596
731 596
561 717
237 290
26 758
600 276
768 869
15 606
436 782
514 808
464 527
822 357
211 331
360 272
833 193
686 532
140 417
127 52
485 715
341 862
472 293
137 240
161 152
197 596
285 711
756 748
589 929
104 799
259 816
422 443
360 108
326 500
524 805
551 360
519 892
221 343
184 709
582 696
212 130
292 496
840 399
244 428
679 699
578 290
866 1000
732 226
459 410
725 982
214 627
693 732
518 913
74 53
621 7
749 185
137 392
680 328
142 923
108 820
974 37
461 839
36 545
64 846
954 788
179 167
767 871
250 284
135 324
689 108
682 789
292 170
532 971
850 673
246 957
844 219
993 657
57 381
201 473
226 154
612 405
320 378
627 569
14 762
244 702
869 278
842 160
447 373
130 296
397 375
604 592
945 597
248 354
329 448
826 906
953 437
310 272
167 289
193 180
50 436
233 270
713 74
429 512
798 910
159 546
637 763
137 581
711 737
286 391
536 111
296 489
900 958
112 66
246 304
245 647
92 829
916 156
902 696
19 51
605 178
596 593
292 84
526 354
172 811
744 708
922 39
548 821
996 11
238 241
667 834
239 758
662 154
265 915
849 284
965 806
813 912
398 456
995 923
809 519
734 552
578 7
942 125
179 938
135 416
530 801
601 769
910 262
274 175
528 475
810 492
280 622
755 29
77 101
952 237
619 37
140 196
43 81
672 221
370 159
988 252
311 588
372 221
201 645
747 728
471 556
219 750
529 325
779 957
425 82
545 396
118 684
591 512
116 263
84 838
773 71
89 83
658 812
303 210
808 401
937 279
308 507
28 836
831 158
144 255
239 688
650 708
371 593
219 839
207 302
676 979
724 116
413 733
927 68
942 734
468 878
12 776
384 392
963 566
901 107
821 140
794 822
199 517
766 418
707 324
71 382
302 795
497 67
527 423
134 469
508 601
698 872
376 82
263 691
647 163
797 819
654 942
993 853
810 110
622 516
434 692
897 87
838 745
153 365
519 286
185 27
887 882
898 614
963 512
304 962
26 452
132 32
394 124
236 555
234 857
71 667
900 319
753 738
64 258
454 582
543 638
960 429
871 857
395 834
720 698
147 98
150 278
129 895
754 364
449 987
572 871
5 471
190 109
560 605
366 13
538 909
650 498
689 873
706 435
706 778
133 204
875 634
833 3
880 586
718 680
924 289
551 928
759 92
389 319
48 754
683 585
14 685
434 55
557 492
489 614
269 973
817 143
958 649
497 837
587 214
869 510
854 419
790 964
862 178
634 909
283 317
845 649
1 279
703 557
770 543
522 38
516 338
532 825
338 28
662 276
593 530
786 446
300 575
409 513
104 43
421 386
711 265
386 711
895 88
619 16
983 492
405 850
829 936
674 518
315 687
794 259
568 931
56 867
505 817
731 960
211 151
345 921
768 731
983 14
170 953
30 504
444 434
353 624
722 27
141 36
65 286
647 633
568 702
851 72
518 582
31 728
84 728
648 203
810 630
217 331
934 598
835 377
383 539
1000 104
565 493
492 982
130 138
614 698
839 464
121 357
397 504
436 481
231 84
683 392
65 251
722 999
848 908
727 231
447 727
686 363
571 177
344 700
666 957
397 505
773 870
213 169
373 1000
1 603
83 36
346 500
286 67
850 486
975 928
68 773
654 753
135 576
282 479
276 947
787 24
803 911
893 367
80 265
367 432
219 801
467 564
652 753
983 501
590 309
429 657
81 434
409 215
10 690
45 637
989 184
12 791
94 905
158 525
521 876
957 92
676 423
7 328
527 989
180 116
297 960
772 729
746 533
944 107
574 340
95 562
523 106
353 969
362 862
493 235
89 449
326 764
224 332
443 102
673 975
570 969
286 341
698 31
225 993
489 799
684 583
360 207
689 64
527 50
277 19
284 365
820 961
481 395
293 923
496 965
249 65
285 535
758 334
917 982
678 406
780 362
988 492
920 28
555 446
430 832
464 713
548 635
26 28
29 670
303 525
986 903
941 270
437 698
604 706
32 281
111 811
994 450
302 913
478 209
358 907
392 174
971 939
808 348
319 837
17 973
713 2
875 653
272 312
351 227
369 382
859 479
544 205
280 198
117 757
758 475
15 149
1000 338
439 807
685 757
643 702
729 355
703 604
8 326
267 710
904 635
443 115
465 338
319 744
887 787
853 644
613 867
144 612
556 583
419 241
691 413
294 772
120 996
727 479
674 993
188 929
979 982
395 795
671 65
538 558
852 742
553 816
609 697
428 164
279 198
756 321
610 49
92 729
397 818
207 422
162 746
702 492
79 97
286 102
513 176
659 364
917 211
180 877
259 959
393 537
156 148
210 117
197 301
846 945
119 404
366 632
502 67
124 580
515 761
681 28
936 691
743 205
254 274
81 512
232 473
401 739
973 610
856 521
262 53
465 380
456 182
364 309
248 487
241 763
247 273
142 183
316 884
387 569
510 819
432 93
644 832
832 616
793 687
136 55
91 952
786 898
133 149
207 732
635 447
846 234
71 987
768 386
223 506
954 732
324 738
824 967
921 7
934 714
45 421
120 135
724 257
33 856
406 591
940 392
389 785
977 459
124 744
845 698
249 150
781 925
239 956
