676 971 774
724 137
439 470
777 975
24 491
519 686
540 317
538 365
211 946
68 394
968 734
109 487
673 454
454 613
688 294
640 658
67 716
146 857
185 922
183 208
764 54
893 656
370 783
20 580
728 87
325 47
172 434
534 845
887 339
809 926
632 449
936 50
164 81
258 348
3 441
907 118
846 152
773 567
934 793
498 13
231 822
60 403
607 945
599 845
283 407
771 267
207 706
316 370
786 574
69 140
366 328
610 563
479 382
129 764
174 626
776 757
447 187
511 54
131 109
250 414
867 20
32 74
77 347
795 863
272 216
354 989
895 963
551 725
697 679
488 870
656 615
978 455
154 488
860 284
948 109
49 815
129 80
240 205
779 386
419 402
953 125
743 847
439 293
923 135
324 762
357 979
729 334
785 882
822 644
517 769
753 566
935 233
997 526
437 127
264 208
881 568
684 623
767 122
267 689
257 590
451 965
921 179
298 705
60 471
701 576
592 453
493 878
685 842
756 473
968 19
32 848
586 715
822 704
837 89
393 445
30 843
761 302
21 58
359 432
881 59
359 472
863 204
701 899
45 456
371 364
826 755
564 764
469 385
467 657
473 859
453 855
701 213
156 73
623 514
856 503
572 215
326 434
418 26
332 814
834 55
177 659
161 92
422 629
477 889
638 301
99 90
155 152
655 663
224 277
176 80
131 748
646 456
533 415
833 217
580 18
623 756
677 783
200 450
763 676
690 752
328 789
194 835
940 848
497 163
124 672
594 606
771 591
413 656
5 245
872 584
615 846
692 291
980 891
740 94
918 430
846 597
570 39
431 509
886 927
23 361
951 969
966 73
559 378
728 916
974 951
499 588
796 542
230 127
784 322
221 53
103 66
650 672
104 432
180 989
711 202
701 661
522 18
733 81
395 461
996 720
763 846
660 559
388 889
685 523
562 905
576 664
322 577
335 425
8 866
765 718
420 465
730 941
482 463
21 228
275 368
300 37
214 311
947 953
199 984
827 113
240 402
776 562
330 111
986 338
328 103
407 747
919 137
688 753
951 708
980 225
428 631
613 641
941 560
945 492
895 771
604 134
173 379
695 854
841 33
191 169
135 598
267 405
86 954
157 36
14 489
612 441
119 224
81 412
135 377
903 29
147 506
515 671
236 209
525 429
593 715
949 79
664 215
484 101
521 640
136 534
480 747
326 599
323 758
10 457
134 264
838 280
121 352
951 708
912 475
136 857
541 436
935 205
3 770
305 875
762 793
408 241
891 85
191 213
842 200
22 975
463 211
254 583
914 556
291 177
30 778
33 571
566 320
127 920
89 783
794 850
927 201
443 818
285 633
382 478
185 755
452 999
317 57
582 230
613 224
407 994
353 439
564 918
758 42
837 199
177 630
400 103
182 842
272 818
475 654
295 11
760 98
9 77
155 942
306 119
517 64
112 870
503 28
139 612
69 328
810 245
309 210
700 843
403 971
12 229
976 659
239 736
756 248
164 262
541 821
380 58
885 492
927 739
519 417
350 939
744 512
536 405
73 235
247 475
557 258
704 885
916 294
620 24
541 135
285 82
955 17
139 839
508 417
577 378
185 279
316 929
790 203
333 862
789 931
336 346
540 391
582 808
685 201
831 577
687 467
10 641
483 500
480 990
916 408
719 101
686 387
381 827
589 65
688 730
347 376
427 886
766 8
693 802
560 523
379 246
342 388
886 824
888 717
166 155
477 884
607 162
622 987
989 563
403 28
292 749
403 718
635 521
725 679
322 284
554 52
529 895
440 766
718 679
835 883
833 311
119 440
824 92
778 164
654 181
192 945
929 946
662 915
466 738
594 140
21 147
543 901
41 982
19 110
12 853
345 845
515 815
636 338
906 413
502 560
945 693
856 226
990 518
140 456
607 733
947 980
231 489
880 623
823 250
733 834
102 429
30 616
243 17
306 148
430 807
59 726
851 915
951 840
784 91
295 742
175 593
721 758
434 601
380 608
202 464
793 304
892 823
271 486
839 576
986 620
734 44
346 584
310 296
424 445
738 70
187 913
663 907
670 448
859 401
55 61
865 847
716 108
21 338
594 212
914 579
831 647
622 528
231 284
176 6
728 265
75 266
177 737
173 198
536 31
951 590
443 815
789 158
922 809
496 867
372 761
445 555
759 419
82 341
702 609
346 781
874 421
47 402
509 571
952 397
953 902
986 396
716 126
905 989
287 752
208 658
512 652
212 623
70 294
963 123
254 661
256 127
433 654
881 293
224 832
689 176
733 27
923 800
152 828
140 438
579 347
96 443
999 307
65 420
952 379
895 206
391 502
684 823
155 564
116 730
395 156
257 479
182 180
278 686
7 418
123 937
764 570
379 114
877 795
886 180
174 132
385 564
633 421
739 139
336 206
868 731
361 124
209 895
655 839
580 13
256 54
950 371
624 680
837 500
475 722
679 1000
853 416
563 837
188 653
975 523
858 194
605 571
669 166
817 324
4 396
336 611
449 637
333 72
317 169
923 791
242 954
790 446
721 704
282 908
709 608
782 566
801 387
488 470
904 304
145 907
51 480
869 852
117 201
923 785
722 198
575 315
151 716
761 223
771 394
482 479
2 263
397 154
1 884
975 904
540 119
162 590
599 30
441 67
583 716
851 656
265 777
970 415
844 82
989 614
828 470
93 181
732 489
334 733
724 309
988 615
779 150
557 377
531 349
795 113
64 997
768 680
773 90
94 616
523 82
230 350
903 674
530 635
514 216
719 237
876 706
204 654
207 760
383 738
108 529
850 524
526 970
203 298
411 649
266 933
82 847
635 985
520 516
971 385
83 689
973 958
746 176
964 953
935 698
690 395
226 891
918 751
212 472
401 622
120 666
907 554
512 541
538 383
408 508
767 491
548 739
800 293
915 115
245 201
812 286
595 390
177 864
140 388
688 892
362 159
557 268
712 420
160 601
802 567
460 920
409 7
11 209
652 925
323 248
477 487
534 424
876 62
639 367
449 326
259 810
837 815
429 548
587 588
501 740
507 960
660 915
967 670
475 970
946 798
217 774
636 750
197 511
811 188
229 612
513 487
773 349
