654 202 249
240 141
749 979
647 708
990 914
26 659
388 995
956 537
212 730
524 313
278 34
476 465
263 87
330 101
211 30
754 764
630 993
905 730
324 903
438 313
168 815
324 908
162 631
444 725
712 968
389 342
353 864
158 967
302 487
420 513
869 173
628 850
518 532
580 841
787 369
505 954
535 828
213 696
459 657
772 522
976 161
863 680
24 21
999 678
859 418
190 79
942 817
929 459
701 508
299 839
876 804
144 410
983 357
458 793
365 229
315 692
389 529
371 765
549 721
442 408
138 983
486 80
151 766
890 851
273 189
41 500
344 185
262 678
893 71
823 257
299 137
948 40
17 670
156 566
391 597
325 880
579 162
311 81
928 201
284 552
389 324
404 84
860 665
113 752
735 935
8 385
423 955
776 440
977 931
5 367
527 681
246 457
842 557
538 121
757 821
673 497
496 76
932 356
740 44
107 826
979 115
562 401
421 338
840 397
268 196
115 147
876 361
603 70
269 492
190 25
664 862
873 160
937 804
515 28
199 973
205 177
439 767
930 860
456 121
608 723
317 723
869 544
435 824
613 703
667 803
727 683
664 951
194 953
754 60
332 952
32 537
481 471
655 410
682 110
530 289
832 198
363 53
742 149
228 354
851 246
156 929
928 172
879 121
124 984
180 455
288 212
343 768
34 997
529 715
458 410
355 290
608 70
694 701
218 921
54 69
518 562
349 446
85 228
566 560
211 98
366 498
309 709
617 342
57 145
408 515
555 762
156 514
183 849
214 401
121 619
821 638
532 169
435 616
396 1
175 959
98 541
808 758
601 777
451 657
921 210
171 827
971 678
692 506
526 905
906 998
876 726
988 407
894 422
375 642
774 901
952 223
441 759
332 41
535 782
50 808
991 572
986 314
250 678
819 127
934 76
125 161
801 464
920 46
885 294
687 11
194 638
233 987
749 565
379 635
698 428
794 689
1000 780
354 249
809 172
727 94
247 203
255 399
666 174
444 903
819 483
913 12
472 145
350 220
61 729
207 759
156 1000
799 507
131 152
755 291
675 834
385 273
36 639
671 702
164 466
604 982
948 868
345 772
364 47
343 425
775 549
535 930
901 333
437 31
484 543
674 510
376 58
782 412
48 804
465 563
269 420
896 569
287 592
340 650
638 682
74 412
583 608
694 483
292 482
865 127
24 538
636 752
947 769
515 994
572 331
908 193
750 803
761 36
395 452
685 32
133 111
444 67
70 137
549 362
970 766
488 993
655 476
96 602
244 962
947 816
292 855
8 41
9 120
428 403
571 113
435 55
223 230
122 292
718 22
5 687
787 493
31 794
968 479
395 211
440 693
378 732
899 737
124 908
856 552
310 778
16 96
833 590
325 306
233 394
327 238
80 466
82 111
611 401
589 357
963 380
49 341
463 300
429 587
207 285
490 868
414 505
964 598
446 640
903 678
34 582
267 113
399 348
575 9
748 163
365 711
543 765
403 5
64 831
943 270
467 432
138 881
288 453
478 733
92 733
763 125
314 29
238 712
729 812
72 476
327 788
538 869
552 292
225 968
123 520
237 589
951 726
821 591
178 651
675 270
383 789
746 696
818 983
759 898
147 182
725 473
969 263
693 520
554 269
487 28
788 76
969 91
153 789
33 331
439 707
952 173
496 697
868 665
32 978
562 178
159 638
2 127
900 694
999 806
314 837
833 102
912 153
192 65
942 224
747 732
282 50
905 129
98 124
793 129
454 706
658 612
696 11
91 595
704 89
752 370
925 937
471 189
89 14
605 382
589 703
466 870
752 722
351 201
197 495
682 650
553 339
614 248
350 704
194 405
144 946
774 420
234 596
960 674
961 564
56 549
266 873
771 369
594 121
570 790
967 251
792 519
941 405
766 642
108 960
399 603
257 524
22 490
120 982
163 80
897 570
981 515
442 751
883 387
223 804
177 189
406 968
708 347
724 825
340 831
784 738
433 392
262 806
881 733
139 396
164 36
965 144
902 759
246 136
145 468
940 673
9 345
992 68
43 715
892 735
897 28
472 681
419 85
487 652
817 977
399 981
364 715
476 265
473 722
401 970
541 692
994 549
36 986
616 431
52 860
165 949
239 988
629 657
73 467
660 241
444 58
221 807
773 49
424 597
770 824
566 310
515 912
211 902
897 826
684 948
37 200
248 275
188 877
284 612
695 943
852 138
353 425
297 125
473 720
73 242
895 991
903 409
902 113
662 150
291 346
449 327
897 697
602 84
925 885
47 619
179 899
109 531
675 405
7 147
476 432
740 370
422 642
130 675
755 143
824 45
840 272
723 737
968 676
172 244
912 219
863 91
469 971
973 143
375 332
289 202
763 380
923 536
21 52
210 127
546 385
523 386
8 246
122 328
921 645
571 185
863 433
627 683
403 599
825 129
282 465
330 396
844 252
283 217
655 844
343 201
228 866
938 236
463 59
563 735
55 133
919 270
566 545
952 320
496 129
449 129
593 130
525 789
382 807
5 388
651 347
940 230
564 877
465 26
935 379
761 342
864 31
611 781
576 562
100 423
690 900
551 635
30 427
775 763
586 779
150 588
477 90
817 41
966 634
418 253
364 178
594 227
561 204
7 136
117 459
910 159
358 812
145 387
239 919
149 176
697 651
763 525
740 931
565 57
916 335
309 280
864 254
858 424
809 217
911 278
675 820
436 32
632 580
419 222
498 919
397 546
569 511
70 308
441 987
717 709
321 25
340 184
631 197
608 791
413 518
68 87
690 503
471 321
434 889
894 283
807 290
828 376
152 250
35 944
236 751
652 908
128 991
91 110
540 50
900 304
568 968
391 257
822 213
929 256
101 822
538 259
463 718
634 966
967 21
909 554
123 913
461 250
255 551
359 794
953 611
98 520
578 840
128 399
52 408
654 504
581 544
762 395
261 748
360 579
120 620
132 242
532 944
844 139
846 202
932 798
164 381
669 741
572 796
140 975
