555 145 830
487 40
944 881
652 691
592 582
162 212
713 403
95 8
246 585
854 800
869 651
963 249
320 56
173 467
547 499
22 691
329 860
83 272
741 734
314 684
316 475
247 380
229 342
388 827
278 593
626 146
243 940
747 914
347 919
381 893
417 754
936 97
613 18
368 705
751 681
389 418
507 635
150 736
328 537
562 606
129 539
751 723
830 497
637 177
767 369
69 536
122 4
632 86
21 352
791 124
32 531
893 891
165 42
626 845
930 539
450 58
77 552
133 906
401 769
434 167
489 503
54 610
506 686
47 879
37 189
354 420
719 246
310 236
288 287
80 217
177 529
627 253
432 111
511 832
231 944
351 719
798 404
680 656
441 726
534 829
267 239
249 985
484 910
220 123
549 651
692 725
179 318
330 963
428 192
794 658
135 496
728 285
900 407
940 692
484 825
521 750
63 769
735 898
30 306
21 578
957 712
655 487
381 984
449 160
175 595
169 661
90 896
945 341
654 236
385 137
412 905
887 474
25 621
724 54
278 96
984 234
159 638
721 539
973 521
50 147
115 570
159 557
465 104
249 470
691 633
606 103
889 492
928 913
464 3
319 742
98 654
327 256
643 399
146 615
920 195
113 386
764 271
294 580
726 543
49 417
527 655
871 768
498 150
680 962
153 350
55 250
3 381
506 645
780 651
259 51
198 371
436 313
994 730
893 719
624 293
487 502
299 357
269 797
507 301
110 11
650 516
260 653
896 117
649 27
120 908
77 317
630 865
629 975
946 873
694 921
166 532
422 816
241 43
612 99
343 73
109 344
588 368
348 836
485 997
214 956
256 643
272 237
507 252
212 452
477 257
372 994
788 145
809 28
539 773
126 881
845 234
577 785
954 924
972 790
920 185
745 175
827 16
412 685
619 623
488 95
231 211
88 18
356 249
398 894
21 875
127 217
461 703
1 414
626 324
203 546
509 299
72 687
666 483
372 284
457 859
731 39
70 818
57 777
418 806
22 438
680 148
655 492
202 7
905 828
331 459
725 191
757 148
229 422
983 600
58 439
811 788
830 232
957 238
8 375
43 29
164 74
529 170
566 730
177 822
909 859
281 985
401 389
133 629
163 115
581 572
905 391
359 734
622 667
323 629
393 365
9 557
791 537
726 356
619 254
529 879
464 161
864 864
550 348
845 64
814 425
635 70
167 993
156 788
11 478
768 404
195 128
312 985
17 37
692 635
643 220
865 106
381 728
322 282
427 518
345 240
942 979
310 460
323 817
599 333
294 718
88 488
845 399
472 861
788 163
847 430
735 712
535 115
791 208
396 218
725 92
809 18
70 470
477 744
286 427
76 580
144 516
419 989
914 243
201 53
405 400
482 491
463 369
605 605
928 352
822 653
443 983
22 864
452 851
607 90
277 35
669 421
550 439
761 815
681 313
868 438
712 701
928 174
69 885
779 997
588 952
1 31
286 22
246 738
224 205
827 501
239 847
273 140
285 33
306 318
345 173
755 409
226 682
934 646
566 712
994 154
16 994
536 653
368 133
390 591
337 568
443 575
766 715
66 403
747 372
720 444
896 474
852 121
507 785
767 425
849 112
578 216
106 465
868 825
597 610
767 934
529 210
860 295
924 926
49 23
297 120
466 544
945 669
665 451
453 783
875 653
894 804
868 351
268 736
175 217
697 942
150 225
503 361
871 426
286 919
800 934
390 617
478 334
285 494
785 90
276 11
742 521
815 610
872 82
697 398
298 393
339 799
969 193
512 840
971 797
110 770
83 500
387 912
833 671
405 969
760 32
980 854
552 794
815 423
227 511
821 877
255 511
27 223
704 538
414 674
687 524
795 769
375 181
680 207
204 84
176 315
115 507
168 18
300 334
441 878
196 613
754 450
475 133
25 530
670 790
555 356
313 350
476 687
882 155
246 85
590 773
752 56
279 271
74 930
605 866
159 800
830 913
602 304
397 978
834 66
767 388
774 432
89 601
470 971
108 715
407 697
839 158
105 117
429 530
398 33
395 557
184 576
821 785
879 217
762 64
634 529
804 759
960 892
360 429
214 467
496 621
515 334
778 971
803 558
500 200
942 246
108 126
821 928
910 52
496 24
115 130
552 270
240 863
162 599
643 727
417 490
347 284
824 477
254 978
34 106
529 976
703 637
453 524
564 714
927 60
737 41
541 640
311 780
854 824
731 497
550 147
338 249
782 513
725 36
490 110
493 19
437 195
655 889
70 218
603 996
629 691
37 169
331 699
301 184
874 31
32 775
529 370
375 311
882 99
698 724
561 190
742 997
384 748
238 454
317 840
801 946
882 189
466 212
239 766
748 112
796 131
239 677
852 613
987 734
64 684
809 624
225 550
972 960
297 209
413 613
400 566
910 282
754 376
845 993
493 944
104 641
75 694
317 926
659 303
11 722
338 819
697 562
720 20
521 368
229 286
981 980
851 242
613 604
617 458
596 110
753 52
102 827
97 418
105 755
720 467
828 409
286 876
970 357
896 842
725 476
127 57
455 329
