298 420 933
267 229
880 728
981 931
829 160
28 246
264 134
317 82
962 725
719 837
694 76
84 535
800 559
14 856
366 342
505 785
626 771
13 506
498 345
788 326
504 167
923 119
301 239
201 614
963 919
802 8
994 886
895 145
796 260
352 513
953 857
297 579
979 661
436 829
6 223
506 509
742 429
980 394
19 180
359 334
450 160
693 796
397 587
292 545
198 644
57 151
852 706
729 182
366 516
10 723
90 516
584 831
296 563
576 314
94 934
647 543
446 692
338 842
630 630
386 828
625 795
978 828
500 58
9 865
573 19
940 662
886 523
845 181
85 420
846 178
354 845
720 151
536 410
992 165
391 730
992 15
524 321
194 375
730 202
591 302
572 530
316 457
52 160
989 136
931 835
665 636
679 385
786 214
146 778
730 536
859 722
902 734
394 95
108 124
648 698
777 220
580 92
676 631
603 17
119 534
851 783
169 881
519 955
446 664
84 175
551 294
248 452
27 642
898 486
117 546
183 893
765 762
337 792
745 939
808 863
824 10
645 993
890 164
299 335
179 734
862 730
27 109
533 53
102 431
538 218
328 72
463 92
186 799
235 930
89 43
144 913
52 788
257 942
303 907
628 482
640 489
563 666
950 95
70 51
877 959
621 204
30 83
647 567
233 882
848 321
924 991
585 327
131 841
620 785
99 248
618 738
88 180
403 37
627 472
88 855
782 60
59 812
494 705
730 726
586 578
398 861
920 983
188 402
175 159
187 274
758 156
363 846
336 766
882 314
589 321
168 371
732 578
534 225
635 263
950 572
192 700
433 464
682 972
865 208
482 51
833 240
559 196
85 246
313 318
559 253
991 78
623 722
8 508
947 642
123 248
565 666
947 349
129 980
672 994
540 154
396 724
393 954
919 477
199 231
146 109
484 136
539 458
210 546
966 508
539 440
755 103
105 54
452 234
385 123
227 276
628 974
1000 20
280 918
496 478
501 994
939 984
129 477
793 338
374 110
845 912
549 952
366 654
357 169
239 741
644 817
17 271
790 368
291 421
285 138
899 785
131 837
120 612
665 265
301 38
374 498
301 275
449 666
280 157
835 518
897 830
334 265
100 475
632 742
896 269
880 146
405 362
334 877
973 998
141 626
387 866
123 687
140 923
704 419
79 890
288 975
719 621
592 819
448 575
560 695
195 791
840 600
153 525
476 477
874 968
102 260
833 576
298 325
498 1
743 576
891 31
903 609
3 494
779 802
420 691
496 615
833 687
566 985
211 41
814 84
360 267
695 192
843 992
868 692
345 611
268 587
993 170
547 995
15 326
149 434
368 644
400 200
331 965
537 893
357 702
329 716
968 23
260 162
367 127
854 63
