89 473 649
81 642
195 428
8 872
576 793
591 219
193 791
901 509
679 146
866 380
474 933
699 848
192 213
214 671
418 276
759 890
276 192
883 823
619 890
694 546
682 637
116 226
779 17
735 457
514 952
188 987
884 238
834 428
450 48
98 867
675 856
756 303
399 990
125 17
879 170
914 913
806 30
490 936
398 576
392 911
527 931
897 763
169 730
190 618
129 287
837 156
494 944
810 893
934 934
261 164
455 175
428 613
556 270
548 953
845 292
863 724
222 111
486 742
192 27
360 673
665 548
828 510
491 989
402 424
922 15
940 728
541 367
692 96
636 592
48 833
883 262
556 456
724 393
198 915
771 909
587 435
456 766
944 298
754 698
722 27
712 661
755 604
379 798
699 15
389 98
199 271
711 754
79 434
498 628
348 268
