14 24
-25.870386 -7.495098
-99.949652 -91.870322
0.971951 55.568006
-5.897840 -79.016043
74.973137 -78.350818
-3.783676 88.885702
98.654745 0.589348
-4.969818 21.125487
76.092134 18.067203
-88.362699 -59.071514
-69.520694 -4.579711
-68.520382 27.689052
29.262170 -37.254957
57.100415 88.838512
-27.191084 70.565448
40.684517 3.817633
86.008310 62.451160
37.851041 -77.215385
-62.186157 79.934178
28.958899 56.422846
65.607190 -33.284556
-36.207588 -59.634880
-49.262202 52.526850
-91.254004 78.475462
