5517 61
-42176.091491 73870.006020
93533.799982 -61662.364245
92709.202418 23085.252025
1994.454769 -37301.869647
-29507.334600 -218.112994
-80961.923585 56297.650964
17492.160543 62256.125457
-10419.104922 84510.761404
76867.349689 73223.184618
-55385.196069 -8652.558737
48345.758041 91421.888586
-62728.525468 14719.491671
29364.312276 89780.441141
-45270.819733 -56257.391505
-3305.577948 11055.346052
-60836.603397 91452.614138
-27272.475107 14666.960246
-24601.276107 83916.768356
84200.463491 36326.061644
61579.328315 62268.641707
19997.435946 40318.194990
-20674.079727 -45240.869799
-85189.542249 -7955.911242
-63307.032607 -51897.939266
50153.089742 47504.227845
66360.523691 -86567.365093
-3036.733080 -14672.332744
82917.674349 338.871549
48940.117984 12869.476983
6873.269145 53245.085376
-16289.133700 -11417.287808
-33734.844235 -31532.752142
28276.672325 20635.181784
-18349.639705 39213.986762
16431.005043 98278.381717
-69402.077646 -71266.460828
32101.160780 -69607.339300
-91553.725165 95057.979780
-4212.576523 94042.627572
25329.542897 -79686.770027
-684.115236 -86600.943545
40815.945499 74287.101930
47277.749285 -86640.706266
61048.005258 -43198.405244
28489.185957 70878.972804
-28422.709845 95958.091315
-58038.148535 2994.463400
38938.824564 38569.922420
91998.299807 53937.426651
20571.835139 -18171.948292
-36585.425619 55414.416311
-33359.215808 -61718.429956
-11858.125158 -52982.798935
74498.010810 41580.732706
-97593.449809 47693.008417
40150.722625 -19954.540378
63054.667981 -19017.313868
3525.392463 66247.806440
-18274.327270 744.784393
-73573.363425 27176.019142
-47678.522264 42413.661447
