1 66
-61 3.14
34 3.14
-49 3.14
-16 3.14
-22 3.14
88 3.14
-13 3.14
67 3.14
16 3.14
-19 3.14
-64 3.14
58 3.14
-67 3.14
-82 3.14
7 3.14
-97 3.14
-94 3.14
-55 3.14
55 3.14
25 3.14
70 3.14
-7 3.14
-70 3.14
-40 3.14
-79 3.14
-76 3.14
37 3.14
61 3.14
97 3.14
-88 3.14
-37 3.14
22 3.14
31 3.14
13 3.14
64 3.14
-31 3.14
-10 3.14
79 3.14
19 3.14
-4 3.14
28 3.14
-34 3.14
-1 3.14
-52 3.14
73 3.14
-25 3.14
-91 3.14
49 3.14
-73 3.14
52 3.14
76 3.14
-58 3.14
-85 3.14
1 3.14
85 3.14
46 3.14
94 3.14
43 3.14
4 3.14
40 3.14
10 3.14
82 3.14
-43 3.14
91 3.14
-46 3.14
-28 3.14
