5 100
9.430296 29.736256
54.843473 85.316363
12.573728 39.648341
25.615832 51.566987
98.049971 75.524994
104.336835 95.349164
89.088052 18.059042
75.109195 61.599788
48.088233 93.221888
49.024986 37.762497
45.881554 27.850412
35.046128 81.303243
41.801369 73.397718
31.902696 71.391157
111.092076 87.443639
29.227641 33.749376
114.235508 97.355725
55.780226 29.856972
85.476243 35.876653
15.717160 49.560427
61.598714 77.410838
74.640818 89.329484
35.514505 53.573547
71.497386 79.417398
82.332811 25.964567
42.738122 17.938326
68.822331 41.775617
81.864435 53.694263
13.042104 11.918646
6.286864 19.824171
57.986905 95.228449
91.294731 83.430519
38.189560 91.215328
94.438163 93.342604
26.084209 23.837291
44.944801 83.309803
3.143432 9.912085
18.860592 59.472512
51.700041 75.404278
71.965763 51.687703
39.594690 8.026241
52.636794 19.944887
101.661780 57.707383
78.252627 71.511873
25.147456 79.296683
65.678899 31.863532
78.721003 43.782178
104.805212 67.619469
67.885578 97.235009
85.007867 63.606348
45.413177 55.580107
38.657937 63.485632
49.493362 10.032801
32.371073 43.661462
92.231484 27.971127
62.103464 49.250029
22.940777 13.925206
22.472400 41.654901
91.763107 55.700823
35.982881 25.843851
0.000000 0.000000
16.185536 21.830731
28.759264 61.479072
84.539491 91.336044
29.696017 6.019681
22.004024 69.384597
48.556609 65.492193
81.396059 81.423959
75.577571 33.870092
68.353954 69.505313
95.374916 37.883213
59.392035 12.039361
9.898672 2.006560
72.434139 23.958007
107.948644 77.531554
19.328968 31.742816
117.378940 107.267810
39.126313 35.755937
79.189379 16.052482
65.210522 59.593228
88.619675 45.788738
77.784250 99.241569
32.839449 15.931766
42.269745 45.668022
52.168418 47.674582
94.906539 65.612908
55.311850 57.586668
107.480268 105.261250
62.535467 21.951447
98.518348 47.795298
28.290888 89.208768
97.581595 103.254690
58.923658 39.769057
101.193403 85.437079
64.742146 87.322923
19.797345 4.013120
58.455282 67.498753
69.290707 14.045922
88.151299 73.518434
87.682923 101.248129
