39 1000
-65931.853983 -29521.814022
72316.886317 -40839.699590
-92541.379396 77986.242905
24463.575178 -71644.280707
-1465.911254 -26408.852604
-38504.125840 87665.128321
5515.846748 37016.427921
-62980.796615 -5169.841192
-11934.554444 -75969.871728
-32634.139899 22310.214303
71738.971427 87091.915651
-176.754690 61149.530232
27370.777246 96357.628889
-23869.397022 -12180.119503
-47129.958456 45067.772522
7051.207640 -29547.891270
-45201.001207 58866.453864
-81420.109894 45345.732679
-75882.617860 36872.166928
51747.534266 -18194.349192
4917.442951 4773.863369
70130.290576 -97677.827173
51830.524403 77260.704791
-61782.291112 -67048.352825
-20896.812612 -94950.691653
-1252.138385 -11110.527300
35128.880429 64412.048309
59329.126227 27000.675186
79282.121387 -33488.541467
71408.042830 97248.083859
25058.907695 86325.762525
-21994.284871 -27879.044712
81022.375828 -37000.081987
38200.708514 -5413.356624
-58253.056984 38830.346297
-42574.671976 -58431.235377
86768.298479 29771.442146
-56306.559496 72366.498902
-89384.547160 81439.305841
6070.985912 99687.078096
-57951.487292 53185.705312
-45942.656144 -65583.889643
41198.062961 -92257.316600
48431.526002 -53727.054522
-52925.434786 83914.394502
86124.009380 -78453.231829
-34571.544109 -9005.627163
-19468.918879 66888.801333
-19512.274994 8804.517358
66272.987547 -34715.438408
-30318.926937 84614.426626
-37991.993286 -30917.654826
-41641.988845 85655.447226
-60648.044826 81887.906043
63092.026608 87610.463467
-82871.070490 -40049.566162
-75595.859771 30823.975576
12116.761805 -38195.810579
-45012.901243 8694.226055
-71178.022603 -46005.338905
-63815.581978 5580.742135
-47636.731986 88933.901753
-67125.621427 66932.310100
21939.900668 53212.768200
82540.578671 66487.270991
-24153.030493 56878.117548
-93615.734552 -1531.849873
-87815.573162 14102.053621
-68125.682779 51388.930048
13299.646217 -70166.468061
-50374.333654 7671.803817
89064.514140 90166.089978
7254.739597 -44308.663046
-25274.119062 70150.065299
58021.790013 73105.968676
-56258.268898 14118.498907
61757.479332 -93999.118774
94411.884421 -58176.758706
-33023.224047 29036.021866
6688.244344 -85264.434675
46248.414848 -95330.977578
88858.242250 -98635.812134
-50800.565466 -70291.821283
76339.210187 47789.256399
98032.836174 -30784.578198
14608.923650 38217.437041
19768.413066 -81993.126500
62959.078031 -83663.032267
8687.925685 -95539.484150
16658.117945 -56820.748187
60498.379460 55019.617236
2554.516509 5953.652197
-85094.805482 55990.704920
89057.013169 -45956.214484
-1000.140270 -51420.499634
-36038.109392 56891.894567
-27516.696568 24936.732935
-34312.520942 -10533.301587
58726.757037 -88676.026281
1843.721238 -4112.649159
-10814.503157 65550.898961
27522.395050 74978.061518
33052.234022 -5101.226077
-17534.070469 64697.448822
-69502.694499 16233.592245
74954.421305 81203.987662
58558.334110 324.207534
9871.377558 3054.592081
-23582.144216 78352.253845
-7035.503427 -66897.667229
-12440.627173 68485.520498
71884.646366 27676.628653
29562.283688 59719.576050
49531.639958 -19174.697072
-5941.597622 7555.919845
50108.893132 -87014.460853
18074.181608 -31809.558554
-47406.109394 -2112.089941
-90786.955161 -74119.655358
64933.218782 34537.097554
58663.294846 81252.503123
-81742.674760 15979.828438
-76830.451938 44752.101563
-21446.657372 88388.786293
89047.255123 -75141.385114
-47078.938319 -20107.259100
11047.423265 -97196.692645
80530.338348 45687.420549
-92561.171889 -57289.157187
57502.912663 65696.681394
27914.320221 13689.609686
-75550.092290 97154.571371
24406.331428 8632.050187
-54188.870819 59832.916613
67730.329713 -27985.653122
76853.061502 -88792.052408
73483.243707 -84778.353587
54356.810043 -51993.431930
82380.577678 90448.316766
63629.097274 -81223.214585
-45737.632491 -60294.536183
-13974.359655 -21368.218345
55265.378322 98442.211867
29488.648089 75878.455930
16238.978997 8948.717210
-31214.303680 73314.594581
32970.055210 -31468.440312
66139.849278 -58182.207733
-55323.423918 -19762.028268
-47764.644882 -45848.347173
-4530.614603 -22604.062883
-1752.351308 -51596.999892
74121.139287 -7359.026732
8276.225381 16392.436148
23671.896565 -90514.850807
-92214.160327 -14602.366299
33209.749302 -78084.444331
-95357.708186 51156.231836
-67976.338856 42715.942057
70318.927902 3313.216393
-69880.559011 -62964.228653
63195.106560 -20263.129597
9015.667075 24105.993234
99271.818311 18027.556327
-78836.969853 86227.932571
-35996.791827 38930.998883
51403.147112 -73890.456004
22176.334511 52793.147583
-80992.802679 -81902.447385
-81733.878866 36465.928609
20227.658430 77987.241644
-95408.702319 -96191.115205
36387.708410 -51891.333414
-79877.377364 55056.502455
35082.761187 -83758.340200
17451.920001 89721.507485
10557.251849 -99595.081793
11766.955871 51246.595765
-94181.990912 14219.460948
11941.494575 -83382.305664
33441.117390 -97254.389050
40519.591932 20679.984954
68259.660169 28779.039705
-86584.615468 26669.172272
40737.344483 94101.483460
-24081.521545 82733.539452
-73765.703195 -70851.556847
87019.477876 92494.185674
84238.303561 -22375.127633
-21421.260910 40843.729066
61711.318268 97792.542116
-34967.521122 -2777.127919
18547.197646 85043.277047
-21946.499717 -53626.968566
-45806.842164 79032.416821
27658.089469 -78022.910473
-39137.579546 27365.286723
-5255.385179 85412.369168
-89487.306326 -90164.861749
-2648.568942 58254.024607
-37663.376908 -14269.851018
-61578.286578 75816.508431
55141.580913 70987.353417
48226.444420 31919.670715
-81973.243181 75936.480580
-95180.108544 -51699.789496
-67760.346466 -73810.541683
80663.001451 90819.789462
-45708.647432 -35691.000062
61220.840909 65215.668761
42217.457488 25939.067400
-90551.913547 19782.745760
53309.951389 39382.986738
-68739.346716 33285.478288
9623.563924 -15138.067597
-57939.187271 -82422.142387
-20974.470992 85990.546493
38612.285399 -11621.615998
-14592.274901 -1824.245537
30808.072231 82940.794370
-82890.926040 26300.051542
62435.752194 -84829.493019
21608.443784 26407.546876
-17958.152594 6781.235546
67443.819414 -13797.511603
-20439.181377 -49070.812295
-80641.032952 70786.025830
70735.898307 -37926.216027
7218.938752 21188.974686
-51798.986678 -88529.328177
-81844.631791 49195.767287
-10215.701861 -11921.153479
-58000.211046 -29684.306046
-77292.229696 -45494.101285
59108.799930 -36197.587791
-52908.677613 93409.349008
-6399.647865 -79347.904061
-37380.136919 51444.097169
-12546.718279 17399.487734
73380.570999 -10437.638846
40775.300378 77203.234137
62061.784411 10028.864584
50941.250347 65587.545434
-69177.861552 79914.334321
44342.292330 -86804.219250
-76394.623360 6685.222820
98634.306074 59997.277796
-13531.747719 10154.839868
-95220.750367 -39274.701343
-1651.370899 61948.461978
98241.836008 -7342.790140
28789.034769 94169.624605
44734.146664 86144.227698
-93351.068095 91730.955419
-66056.956029 13490.902347
-39388.804276 35538.054838
6503.536487 28878.555196
72245.551278 99251.654194
-40201.746645 -31269.568567
23726.781243 -68166.563438
-855.811879 10586.718102
70385.962017 -85224.783212
-82884.853311 30100.866550
48249.903883 81260.298438
39517.184850 34005.529159
-11196.873573 43416.524108
17496.626444 60133.673120
-60680.624993 -99197.575970
-47278.502014 17294.987078
-75192.551575 58118.046298
31371.813258 -25251.651223
-95310.263874 20974.744240
-31903.140092 -86541.934725
60244.423251 10591.945407
86013.382251 -37319.608311
43843.205183 -76869.831934
68644.250031 -19321.224241
1459.793440 -35152.724870
86565.047075 99230.465274
-92451.424509 14940.313595
47831.411365 96496.534045
60913.422552 56391.393022
-40088.023463 89994.880917
-74103.824109 -65402.798697
-75697.588643 -3814.652942
-10408.274667 -54817.112786
-70059.004402 26873.898698
63317.288146 -50410.152242
33021.357443 -3668.610733
-4544.813328 92684.611577
85640.659692 -68163.592348
90985.058434 45943.512204
939.303212 -31183.569198
-3090.500534 -96717.838163
23892.717475 -24228.621801
-1623.408264 79956.420253
-8297.743281 26300.009445
50079.271255 -29922.933272
18419.434673 32453.531559
-14851.377767 30683.036270
-49234.704809 -30396.877728
-84923.958151 76844.214252
8977.119417 35742.643092
-81003.046645 36375.419653
-40242.252126 88398.294442
-13103.485755 -79144.615754
-85317.142019 98986.283744
40676.921411 -26294.981908
-62736.569905 19896.148101
14138.236490 -33867.214925
56230.467651 26692.654587
76806.779453 1358.657727
91341.008630 73863.760786
18638.082786 -31991.415331
89302.442690 -20273.503438
27499.497010 86740.379490
-32083.969209 -14847.937928
-67816.730272 62183.961795
59224.502431 -9074.214298
4226.101189 -86622.713393
-21474.999051 78150.159664
4772.040689 7248.461695
-38430.391884 -71071.312327
22476.813975 -56482.309761
-59783.030605 -46167.084917
-70815.700946 68840.088845
-96973.003483 25167.540157
80190.348823 7501.231822
63732.505542 -68620.932017
-33640.143517 32000.943303
26732.883255 15053.871045
71841.242655 49244.709712
-39164.128881 20940.885598
-52860.923168 -57518.591368
-85285.745999 -45608.257091
21579.080445 -52916.977399
-73427.213574 77317.933722
9964.963641 69946.960611
-59031.128493 -75241.418421
-89575.338750 -19074.891120
29544.367060 78995.177656
49093.848089 -72231.056847
75593.391391 53644.091995
-63224.126978 -34443.385729
66649.588449 75733.775595
94168.868323 -48164.164196
-65911.287622 86629.086135
-70492.612990 78392.859602
24293.522358 -68064.952365
18396.538161 79486.641358
-76036.478539 -53029.738490
-55395.277203 -35523.556559
-25863.058586 -89653.238451
57684.392198 -45145.854860
-82741.801947 -25291.226957
-47215.337692 86850.876844
-58288.815040 -49388.591052
92297.651788 -42509.838821
-77234.975426 -43569.273885
94590.040033 41796.109990
-73655.018121 -14532.535790
94305.580704 92112.856019
-82998.702803 79656.892866
-57839.155860 -43316.313272
-58342.056636 -33481.211837
-95628.421743 40566.494869
-8590.971298 -57217.174289
76644.086385 44133.030676
-27886.763384 -55147.794502
73064.336082 -51093.669641
93637.542802 -20087.442531
-35320.786917 6148.646475
-55887.442755 49263.837419
-96837.165711 51983.766129
-48895.890946 85564.339479
-76796.725096 -5750.020638
-65353.720192 2818.605517
2549.226568 77122.378072
94503.878350 53817.302025
26402.712587 -14629.320602
-84676.828512 57786.018968
-48488.301143 51494.214527
20358.348135 -88426.660691
-27329.107148 95894.296102
-78360.999940 -17772.445259
20666.333599 -5267.699732
-33106.989724 -43725.563768
74207.055450 27003.061737
16095.763346 -13744.700190
-86640.585095 76388.926276
-82346.929222 62182.861385
23404.217192 -64461.283100
-50171.436980 67891.234749
24631.543057 66971.418695
-88960.348038 -30286.871706
69416.046612 21324.559689
-42938.151472 -71003.625865
30189.853817 -9984.054186
-38935.467007 -91347.150165
-43617.179465 -68154.270855
28877.039315 19340.814254
-69347.888110 -40945.645618
-51426.522128 82396.587881
92667.919815 -62379.518369
89887.004481 -20105.125316
-25963.345004 -74331.610401
47577.160042 -96245.888831
51023.082215 2822.118224
95105.203288 -76216.844499
81638.019523 47.620232
-38165.435813 -58241.733299
-23801.058873 57912.398442
90432.220281 -33880.060902
-87658.356934 -25613.043617
-99972.092389 98768.409162
-67639.238492 64771.585851
61256.628729 17058.176813
85777.280809 -56541.656635
56404.620052 -35067.558626
44220.708542 29514.005783
-45632.391975 -46808.256024
84178.806357 -40756.344668
76738.792449 81115.634601
-26794.515212 8527.061554
26973.082570 93589.063983
59606.551312 -17144.314481
76397.309074 -8454.114738
84456.803005 -8327.716067
-74181.993283 -4559.804511
98667.263875 50888.592908
62757.644062 -66225.165628
-26354.770770 38075.840901
-15396.390599 95154.484985
75753.737095 -26435.625850
82677.452425 73926.542926
23609.810745 -88661.919606
54643.866575 -39611.331597
72131.941602 39773.040445
-75730.155062 -93395.775047
-67408.342329 -40913.612176
-82915.786789 -74776.569765
74703.130603 -70723.539298
-38652.608692 96245.481889
-59359.455538 -25741.004986
-95055.349077 -96617.949406
71941.996484 -93631.589989
-37668.382894 763.893062
-84864.261260 23635.793529
55432.088927 18385.482540
43528.737624 -14942.252933
-24670.501645 -38451.017706
89719.792510 -67593.296594
-40267.252088 -62323.368030
6970.363606 40993.761883
-91616.548770 -55320.237018
46349.128374 -59332.750051
-2704.152233 51071.038103
-1812.798996 28718.569397
8932.758653 66405.094779
7081.923504 -92707.190453
833.135238 -67630.498469
12442.760158 -89761.400466
-59376.946483 6084.716113
-94022.176519 -34955.269745
42444.951131 58349.052431
-46651.093725 95763.348733
-21098.232527 88063.123504
89726.944300 -70195.573996
-80008.145089 -22314.173647
-32904.280516 -11637.136826
-3469.790865 82542.796256
37316.835744 -28271.516615
85905.937594 -23122.103743
13034.675654 99269.196983
8136.029760 66593.640461
9022.893387 61791.986727
-28491.779151 -78911.725059
74030.429826 -13161.587688
9383.551917 25436.086038
-69266.895027 9184.632577
15811.022453 -85647.363029
60153.204883 79148.062362
42248.266636 81613.727600
-33077.947113 -37282.448406
-52092.971279 -99345.499270
-96674.082918 78560.373265
95817.352020 99467.591902
-95473.658804 83112.747927
36324.455164 9026.231838
35583.231892 63800.732777
-81746.848745 37091.439816
-65766.803866 -40185.336514
-34104.624346 74984.304341
32048.272492 18674.944948
40026.193229 61566.439259
-12390.505425 -90910.005694
39266.090018 41754.491709
31785.352684 -24594.315865
-41596.456189 22130.148781
-41798.167155 30073.427864
-73908.459140 69128.090612
-45564.949557 -1251.690744
5343.769439 -2103.928665
24715.163818 96241.929513
66827.596475 -55016.823744
96107.994831 -45776.353914
-15280.437166 24473.416517
53203.998077 82265.096009
-5852.636680 9448.852225
-93232.120923 -35842.955668
-64238.049070 30655.893651
-94157.790643 55244.548926
12653.211658 59511.858657
30516.218221 -28060.127237
58976.481134 78837.420431
-74209.880720 36244.585217
-89235.456999 47461.052172
84514.321670 89596.677454
-9386.325147 36028.961019
-60696.159721 94274.651123
13076.150041 87693.685147
81007.206916 13484.109210
-24653.826775 35918.913227
92755.179476 56437.364152
31141.969737 50222.695522
-79825.506591 -21129.997495
75534.195930 44454.149520
61484.580719 28781.577129
-63158.738302 93783.342252
-78915.993349 5486.558124
-52976.806151 44271.003170
-49324.377607 33529.269757
88969.869680 44773.319425
-76073.128562 99268.425861
86910.902326 -81909.820595
-25194.412591 -26883.446860
9190.013346 -5081.442174
-66532.719090 -17964.832453
30402.234872 -12209.670048
-34204.201979 85724.215845
93509.299288 71884.224341
-77002.674115 -32516.119787
50479.900067 24042.985869
46920.058014 -55251.269501
-3889.893978 28877.720275
20902.483276 -92556.817248
-99919.176966 60829.106761
-24992.687944 -82016.982463
53019.345975 -52620.583049
-33653.611745 62395.563557
37188.575015 34386.038432
-23455.590203 84411.201593
-39519.157361 10093.664100
73784.908667 -82977.089655
-30622.164603 -86007.001304
-16755.786726 -52563.291110
29264.816465 94613.368951
-24540.209200 -15461.504520
-28368.763644 36146.538736
77403.045377 -53785.003186
49641.335569 14028.853469
776.664086 98803.404516
-20001.438840 43226.681212
-64284.120012 -68897.500392
-72537.960626 -30784.450567
8287.215901 23971.686780
-16787.595185 -66682.623900
91457.403393 -62487.973792
9370.581712 -50042.499655
-37097.445318 11392.806610
-24259.520456 95152.439506
-53678.493481 -20584.828406
-96091.464136 98772.714419
-66636.826732 53817.498471
3275.136802 31138.797006
-16272.496617 27732.597646
-67823.331290 70267.395630
-75539.877650 -83230.005446
-24253.025563 -88418.143956
-56754.353807 73837.516851
-59671.186151 -64679.658071
94003.891158 85657.512827
-4174.128635 -38657.749287
-47853.700332 61697.964845
-82320.359053 -87058.864231
-74726.394241 92196.945345
48143.706968 -72097.788577
51079.184573 -56863.293612
-39743.783732 -94792.879409
50392.373096 36119.623184
-64822.887997 -54074.084290
-81576.921142 14760.003629
99443.103743 28180.704573
-75934.121861 -61625.924312
97184.056061 10985.474861
-14128.942948 -24143.672940
-57136.933662 -29737.836921
-21246.940132 -32840.039650
11893.853887 -39210.555143
28707.208291 46549.273160
62230.469645 -99082.629301
24261.383485 -74350.339072
476.386474 41402.025524
-41726.390586 -20551.493795
-99670.512671 -38058.212473
98314.592452 29041.955109
17450.317675 -49166.535685
-52513.020238 46770.261720
68472.345014 -68437.546096
80550.863789 -43724.855015
33429.854504 -78770.029920
83443.754312 -50022.754692
80283.313883 63362.945525
-7726.047056 28725.449525
24560.955259 655.324885
29117.665329 -45345.107036
93969.918501 29773.940230
22423.873577 -85921.442663
73426.316804 -35139.333080
-53314.401824 26833.506223
-18628.609225 -82784.237259
1767.014907 56892.396124
92606.705550 58259.842722
10534.255863 -7374.473752
-56644.127836 -18941.049178
68225.619019 -67692.503367
75226.303563 -36097.133899
-39655.422933 79675.837585
3543.393844 -17383.389181
-30219.269822 13350.220810
-78928.487916 60179.785484
-79935.033364 24438.174319
30364.065279 63470.651412
-67186.289125 42283.591997
-16796.345525 -20899.844487
-74743.194943 -46728.444804
-61336.869490 -51232.309482
-60145.452106 -29063.753772
-30116.726131 39586.388091
-74423.249052 540.309902
-4544.726916 7005.729055
-49025.346386 14704.201671
-63719.763902 -87215.695132
-61477.816469 -11730.801140
-39311.433757 88068.595385
51186.264318 -31614.266235
-62407.848852 21398.805699
24603.883152 -46817.803508
-41306.452559 45257.822748
80709.454788 16926.503146
61539.361182 41651.753176
-58303.501228 -60844.781700
-62130.954028 29475.278505
-65950.151166 -44182.766213
30348.842464 80868.962318
-53858.225231 -20418.171188
-24477.634186 55367.036776
-65182.218082 60942.516142
-42052.915477 45655.720701
-14686.851313 77555.614306
-38559.979014 -32135.498776
-51446.880064 54014.074280
-97142.821014 71923.049300
7792.740522 37088.027219
-4100.176394 -67477.176253
-64771.193095 -33482.339533
-76917.575746 21685.307323
94501.196795 -18515.346793
-17719.599708 29240.676260
42014.864867 81765.600334
-46850.067696 467.188449
47822.106390 65116.896132
1554.437474 89233.165951
66267.204329 -91028.518586
-16476.525611 -13622.493504
43813.814550 16744.288106
50971.177495 -32858.079422
98718.364393 39859.949731
-89728.372158 96950.979016
24082.842622 77953.578742
-99145.853823 -96682.464655
46458.653864 92888.352279
-97621.739483 -44341.714459
-38833.337066 -82103.113039
-75995.288767 18349.605807
13731.282249 -58092.816376
-80290.718719 29495.419194
-69519.504014 31050.586735
98780.394142 -25729.098307
-25755.327533 -50874.599319
57855.718389 73005.385160
74671.944528 83862.986945
33681.700445 -85188.688332
-88933.289865 -93244.082671
94316.183495 48666.044290
-40403.743378 -9925.635114
-1874.310238 62454.693639
16890.100245 -66720.102023
98995.895980 83189.524900
-7906.116715 52239.319228
85516.946281 44299.338328
17977.389812 74743.924886
-72627.810137 88494.442747
-17219.743744 5606.875981
82118.750157 -68030.963466
-9896.804629 -89845.646133
-10589.228018 -64492.199986
67189.037341 73716.474166
65671.519043 48105.118088
39953.318674 50551.308309
-42255.243359 16273.045566
10476.834509 -88160.917908
-67848.201864 7175.700368
11732.936676 -99951.974482
98899.162078 -83069.748417
57471.495661 42255.005978
30177.531957 -1541.984733
-13203.885258 -68115.884282
76236.627930 62265.724120
28988.346364 -42494.221453
-20750.643683 -66609.488949
-71243.985168 9432.083451
-53123.778722 -99800.259452
45988.546146 40542.855708
18353.549645 -92664.298489
-23332.341771 60498.218454
93441.004850 96993.615051
-37328.578825 98967.489966
-28148.539956 62229.770769
-69973.106987 69350.022133
-19812.869045 -24350.347499
-33550.307938 -76292.725760
55403.393718 -68395.023482
91012.988182 -6817.084485
-56174.139708 -2594.439716
-56038.761740 34872.233755
36089.458764 35673.278814
-79218.137358 53249.755992
-65108.697114 -5899.217915
42374.729488 57917.484023
50603.090239 -19251.259404
-76989.961279 73721.384182
62635.722007 32316.695929
88205.773618 52525.795863
27900.123756 -45952.175450
-56048.782735 28014.139607
83411.237910 -28366.610416
-710.117177 49368.675075
-38271.336955 9517.519587
-23393.961736 -82118.970020
94242.828647 -51002.577594
83326.318053 -96610.771236
-28818.057558 -87971.435337
55855.122202 7961.235670
79596.857819 -34990.929659
-44148.897946 89157.899864
61499.701549 -78830.473002
47503.737093 48522.880779
-91900.385902 86269.039788
73296.144473 -18545.144671
29005.964498 68653.372312
-97584.090389 17257.863830
-33079.303190 -64331.285750
-44716.436069 -27830.985049
-40045.665289 62637.234905
-62752.205121 -27057.011147
-6316.085021 -35300.966365
35498.872656 47387.731016
-39820.167981 52750.516555
-82455.661512 -57675.417812
49053.154878 -18941.929601
11301.394475 26923.675142
-1778.130523 27869.996080
-4169.871091 31005.420286
98008.973833 87629.536006
-37945.953157 -34176.471659
64337.398862 61371.431217
-18032.832921 -95208.151573
-46771.565875 -13147.584894
33754.907740 -35061.102481
-37970.160471 -10484.832940
60523.739453 57428.184945
-82497.757674 -39172.460978
-73353.301343 -37207.896212
12341.653911 40989.016544
45537.483967 64852.402505
-32943.735299 64641.598797
41931.194615 23009.127460
1660.063501 -57253.544007
-91000.309972 -81901.096457
-77790.600955 43439.469891
47746.980203 64456.000553
-37253.396791 -94701.536389
71081.619714 -63026.334396
40357.394893 60617.609072
82503.464839 -85485.926975
57524.191940 -70321.513663
-45828.190481 -38842.155592
48659.981871 -52844.567959
92619.556394 -21604.435412
-27620.201668 39848.455030
-13006.937887 -97519.606669
-42648.291179 20341.082285
-13309.226908 71528.604950
69700.786417 -39595.079234
4080.233271 41538.910488
57038.878681 -4062.931473
-80367.450425 30952.020065
82483.993594 -29260.425543
35166.495990 35910.662156
-8830.632758 -48624.623347
66098.157436 -77601.650299
60557.754683 69068.262506
-90524.313533 42422.131835
-3084.928964 36260.621816
-97787.313132 29931.618558
91280.546248 81869.025395
45048.527094 -15067.490048
-32365.014345 -45965.386751
-99047.512253 76330.606944
4071.126702 -38568.177782
10239.293004 -49921.659160
-64023.109480 39109.813911
80878.714381 51701.608228
-76249.172831 -21466.168619
-4362.841657 -45829.187954
-57337.619235 -35977.077474
84113.461578 55643.530989
51483.175344 -19398.159816
-70333.742065 40243.175397
-18467.294217 33037.174497
28031.392311 -13575.908688
99122.072955 -42243.292694
-85626.001908 -23660.371374
45251.159354 -56686.533393
-11473.620536 -59123.294667
-62497.038770 25959.626343
-79628.546858 30761.658014
-32916.375624 -71756.906762
-12881.444685 -83752.928551
77221.269336 22730.814704
-58344.352721 81823.378783
-46917.269952 72405.742050
-96013.950968 -78369.118866
-17294.549464 -90875.433686
51176.249192 -31034.253142
80244.906551 42660.083438
19611.563012 -46653.063169
67170.179759 86168.140212
-4662.598488 1960.575756
-23842.631822 31972.214229
63023.715139 -18046.082163
32791.049178 25712.866814
694.060914 -94371.506808
-94788.866527 -21754.392521
-76206.991776 -23868.397370
25710.002118 41274.446854
18677.906301 25411.277627
-62461.324155 -10762.402891
-71082.916686 -94609.694395
-20657.591023 -93110.871057
-61686.931816 75994.497006
-34529.590750 -78042.654852
-44973.023779 76806.662555
-77778.381583 65387.841451
-49605.470866 80108.339814
-55870.481149 22015.935773
-94373.167227 -32898.449249
59971.203792 -70055.707488
33397.154377 -34581.551180
-10435.902051 18386.775382
-42875.052169 -9087.081065
19457.624972 782.720667
47473.950469 -61229.997288
-10435.008597 -85919.737500
-90815.879915 -41158.606056
-92191.014266 -56165.916105
83864.527574 -88919.346457
-24343.672728 -64418.928221
-77142.885055 -82391.834844
77956.007560 -18322.112135
7570.322979 28556.323012
-87491.611748 13523.925966
-81288.099945 21697.819044
20606.429028 -15667.729569
-34232.306677 60499.752323
27762.366014 -38422.352291
-89909.908093 -3582.764749
-55710.567083 -16994.498166
-2255.101143 93635.620039
-86902.942280 -72725.675537
16528.031185 70649.823156
-24088.500154 -70846.468699
-23703.495749 -27147.100753
29733.122294 -71538.811089
20478.992165 917.428524
62676.449558 -76458.502628
-56655.065793 93308.789412
87289.829693 -91780.903913
-2300.423704 -32379.940520
2168.889034 36991.974354
23961.835290 -31682.100482
83911.867509 19636.870527
88878.900426 34027.601149
66798.437435 -73875.770088
9014.382448 -2575.749107
28589.661182 98168.796955
-17907.050157 12538.826377
97546.683019 -37989.253632
54019.112709 2317.270875
-73712.823669 -70794.217892
-35695.684154 -27457.043384
2026.860755 40019.993564
97543.428258 -92003.853554
17389.141873 21451.932873
47789.241894 -8334.073011
-97683.343041 -96799.747681
-60343.358818 -87798.388090
-71645.270563 -13875.020459
-9750.317854 1759.280116
92991.788098 -39970.719320
17740.441705 -28402.153554
27650.295564 -65513.264380
-59835.659742 11436.200412
97375.893566 62635.257422
-85903.339847 -91757.169482
-10200.461266 -29413.729144
-95181.825705 -53017.983013
-21370.573825 -54534.065358
78943.385654 20959.103281
89995.008921 -60088.452453
81495.433072 16488.401780
-11772.732516 1237.509169
91758.724123 72802.141294
31306.968653 26194.410696
-12270.659775 58648.227825
62777.220883 6765.195664
68943.962642 -42074.778482
-48776.332363 90086.603539
84605.644701 -72640.286841
72278.023856 61267.273620
-92272.909852 18908.262545
-38987.172921 57263.248479
46680.253203 -58775.977519
33100.026000 51375.933124
-78686.117725 -15302.609807
75633.701881 22764.181712
-68993.419389 -45975.203052
69773.677356 63301.956329
55822.423268 53968.495254
28799.094152 -4643.498409
-34706.152682 -64674.016051
68044.127345 -11738.230187
19966.981191 95802.124406
-82163.634655 94292.113341
-60861.986042 87481.188576
-14587.695741 15806.460175
68795.324642 42739.871134
-67287.193450 8622.278172
23304.959999 99139.212802
-28829.814561 5406.164947
74318.243672 -27448.975729
-89176.300286 38633.437689
17462.843048 80919.431158
10185.383980 -61444.840869
-78047.191497 -39692.173200
-8580.383485 -97675.474777
-57255.021809 -55867.688508
-36437.164135 68821.641112
-19959.568652 -26185.489970
-52000.682136 20679.670262
21513.707484 -96571.659628
78452.181468 -8268.593687
-79140.637148 -65952.587947
-88984.633869 -67215.344223
22898.568073 84857.124929
-84676.518498 -23741.687870
35393.970062 9844.095980
-42558.525948 -74900.113785
-93306.031362 68359.867045
-46302.245248 -63153.414874
-83610.599638 27596.374904
-46781.769727 19144.397595
-28989.586026 49202.116150
-18172.459689 -33871.101593
-49808.201603 12518.548233
32252.564289 21476.354491
51397.578090 -50050.064834
-42642.870383 62424.861787
10969.072032 -65050.666057
-35462.990473 -79653.024482
-33354.851191 85063.035199
45080.635866 -12655.369770
35813.369213 -69480.071440
-92706.895565 -18489.859584
88488.781041 20105.807413
-22160.622396 -5571.648743
-84781.607092 28994.004206
99703.833542 -50235.090244
18179.222662 72659.245701
