63 1000
-59965.137362 -7698.352262
98857.616744 19946.773435
88696.673560 63465.434529
-59942.608408 50645.499305
-5913.896133 79827.473516
-64755.634540 59875.500101
33068.999764 3830.378792
45380.852291 42007.308260
-86838.680207 99575.778113
49530.347495 94040.559411
50687.992434 87747.373196
83250.413715 51563.594608
74850.406277 -52119.828187
95454.032662 -4123.202598
7310.150251 -99480.013642
-84564.803397 62170.611980
-45036.801542 -71594.318312
23514.482580 32553.318789
-12075.503141 62977.279910
-71156.165576 28281.059280
11371.743264 96162.122587
-94224.783677 76026.048128
-85621.840947 80085.745964
14003.383861 -61186.835884
50301.263606 94531.055242
67935.626434 -76734.711820
-76066.586706 -56097.292314
-17579.133418 73102.735967
59510.126365 86944.473641
2488.943237 -22773.462867
68611.116074 -86293.719125
41504.854031 67735.890138
-88855.148430 65032.599472
32361.883927 20903.136342
-32519.721482 83151.224924
-13234.283532 30535.915008
-98869.291673 36201.763524
73955.003977 -95307.017243
24133.640179 -90876.541657
37989.132987 70020.577659
4553.929452 49845.648783
85325.348131 93733.016451
82190.196054 -89761.952568
50052.880472 75780.501647
33150.171971 -46536.379208
-32826.900522 -41995.844637
71344.059963 -62410.396204
-59323.982532 19307.868196
68265.350615 -18104.171416
-50874.574448 14636.336503
-80692.530811 58995.664335
80624.529658 65700.626840
-1804.328186 -68232.319054
19393.280665 -91343.104586
-34243.873987 70564.056276
70416.441732 5449.581422
-29324.114070 -67317.556524
14500.749513 -67734.662620
-73996.869872 73032.036569
-9814.464458 -35065.072058
-55503.924885 51981.129319
-12789.787568 20860.271550
52311.445039 30851.905206
-25770.177476 -11145.140212
51993.295684 12753.022840
-49381.448171 38610.551651
48767.053273 36928.477101
-7154.310513 -47293.809602
78598.697018 37308.089897
56506.489989 27131.013243
19610.061989 -2884.759671
-236.032527 32018.812175
25470.420370 -73678.719491
44279.721528 -45331.880826
64176.609394 93648.067772
86487.896858 42911.998540
44760.226197 5505.168025
-98569.458999 -7758.387345
-34209.603621 -38271.488183
-68406.930890 -99401.529279
-27851.160697 -20978.061176
62577.953158 -60901.682636
21799.841133 -20329.389686
11007.610627 14047.535080
69880.383194 -91919.121999
37350.989573 -99072.087932
-5086.576854 -46064.146918
-58706.012881 -42656.573976
-72573.744155 13599.665718
-737.111524 66505.717362
-72295.909749 -63130.763749
-45539.051616 14242.936608
24712.775411 -58182.924597
-71845.408553 -44388.368076
-92964.069669 31606.006921
-20761.288854 67290.276996
-46106.134808 91439.418873
44018.992581 55176.457465
44804.856446 -41217.218409
-94209.778903 -27508.760506
-18870.255554 14787.522820
39728.909846 73198.054717
-63986.333841 -99814.344415
98323.608730 41996.134449
-96349.600871 -51740.292704
52639.776192 15132.826777
73841.896198 -795.569514
-8612.562596 31841.243428
86656.113515 -83263.897822
79026.978607 31165.730573
51720.299276 -67190.095703
-59793.915998 19630.499658
-66886.239546 69155.961837
-32883.561879 -13286.059387
-24529.241671 17823.745078
-68711.068837 73367.309062
97134.195877 -7140.624954
-98068.122109 61483.353989
53311.951385 20865.104045
-63682.729885 -21535.158076
82868.859867 90233.842755
23811.252192 -78815.240530
60052.588360 19119.330051
20062.190890 64148.740863
28767.274145 20258.770831
70921.573794 79134.204082
-52354.782438 -61000.089277
-59477.295818 32279.693122
-70499.759168 15620.273475
45475.821169 -52533.007975
62244.162891 -64762.402850
85387.629453 -72082.159324
41668.978437 47298.320406
54996.715408 -72843.370937
81111.177809 -38764.232553
44357.440374 6065.735526
-11329.322095 12556.823851
-33839.889368 47069.397885
-6591.907216 -26700.768552
-64242.145884 -49238.458608
67166.569457 67001.701198
17535.295064 -54533.219991
54014.652956 15525.847324
-47865.350086 82284.829214
-14815.347071 -59454.003345
40451.262862 -43961.546255
-23625.220765 -82522.987047
-60810.406760 43333.523282
-36285.803829 58930.626447
75057.256606 33230.886608
-50582.877191 25808.302277
-78611.234205 53608.790233
90887.393163 -46603.272107
-90268.104343 -68514.006091
78999.703301 -3035.680068
-97259.432865 48844.514999
77826.488350 -57142.931934
25205.557313 -43357.181611
99988.527552 21334.733792
19098.589194 24998.173425
-5689.735627 4034.522989
72613.117393 79127.180137
51656.103469 38284.876680
84108.739827 -70687.369130
8365.784145 4392.230501
-16768.992743 82381.693738
-44184.015501 1104.444375
-4832.699494 2119.881499
-29676.698799 28897.344434
6803.853454 -68602.321410
9941.011854 -98600.852941
-52095.974951 -41643.603144
55327.527052 -74474.710504
34560.506244 -3610.643374
61889.553241 -85995.387741
-14826.801488 -80517.941846
53530.519186 52764.480304
30300.761615 54963.887504
-84162.024939 69074.683206
2401.136086 -97052.261495
6250.060163 -6715.734790
71253.401967 83709.336455
89612.805062 -18316.769645
99691.298763 -30272.062893
43847.994172 9407.604161
19935.641628 -73636.653010
-39858.916233 -30967.089374
-83276.112939 -2843.450042
-31002.035326 29469.037092
-57117.521346 8693.124330
88481.846030 -81930.254027
-60793.501785 -83055.313933
-64493.444904 86324.376995
11031.624736 -41372.613026
-62375.240007 -89318.440052
-64894.784488 29559.976490
-20097.409642 6136.408985
-96758.568660 -17735.976789
1432.410402 -60532.399492
92561.313001 50465.084770
-63047.809227 70340.529212
-56186.030405 59673.437140
-23136.347101 42803.858184
-39592.631698 -59534.549595
-39110.524995 70457.575645
41826.579937 -90697.708048
44486.623653 -48789.937646
29798.223402 33347.333403
-6602.846035 90660.069046
5547.632491 -79297.110746
24699.021192 -85187.008348
-3358.718907 -71574.477197
-64318.242222 68920.328139
3154.106979 39231.781588
43395.309697 75051.538717
60170.801150 -24310.710188
-45570.646183 -24452.770009
90160.039665 -83913.982056
-86724.409199 14623.468010
-38911.950695 20713.856154
8839.328122 -89014.796091
55971.893631 15719.452582
42255.897127 64184.331367
-67983.082067 -22576.514315
88688.457780 -18118.446391
51958.545692 8397.554331
-80592.120062 414.529299
-74621.928016 -56283.114960
-11643.299318 -35228.426924
31794.645073 39271.306606
13893.902455 81240.967849
-11139.206704 -69636.295947
-2219.893755 59101.310262
-58737.232246 -33132.504835
66195.243958 -77997.719832
-27807.264677 -57605.545397
-48340.750663 94969.862165
-64870.098007 -960.557473
-52990.904619 -37433.877755
-97458.424793 57743.287002
-94785.413159 13159.157739
-30884.905545 -73634.828087
-36339.549449 82238.160615
69646.331167 30090.732848
71319.682016 96977.654249
12322.245140 35343.057966
-71054.868645 -48073.339730
-10120.745418 48972.749140
-40443.738113 -62239.607390
12672.588530 25658.484074
1847.718587 -60815.885058
-83683.274770 -31257.206121
52344.867335 1586.702600
78840.169884 49881.028461
-67373.355654 39667.098023
77827.608837 71798.341874
9172.003639 27794.951330
-61194.024245 -55264.658725
-74610.181216 50369.948527
-88936.307271 39034.586987
60162.589694 26587.589521
-64420.898996 -38089.140893
-67039.726590 -26034.171303
-44836.792811 91927.938643
-55521.552572 -64402.000983
-28413.470552 -51723.632657
65833.436436 47146.908347
-42289.537781 -80949.956149
8022.390709 -83355.190813
-43493.064787 68770.195352
90113.876017 2887.597332
-80527.162284 -3847.537195
-49222.873478 -68732.349778
8223.670531 -64693.816935
-98788.866580 -99080.101036
48746.869791 -65981.412451
-50418.592150 -31215.426649
-46462.538643 43388.775833
-46736.840937 -93623.048638
-16244.444449 33095.153685
-5890.384019 -52912.078761
89640.673370 -89373.409951
10092.254249 70080.663312
-34774.715697 -26529.900951
54388.770799 -86895.816121
59755.933796 20929.714531
70906.030465 83002.083839
32531.387150 -66532.876412
37768.842561 62471.934003
-54472.789400 -61959.338816
-26749.477911 -12462.993514
30461.790082 13878.644274
90983.343852 -18084.314559
71786.050570 -2786.617208
44963.433774 -9775.598947
-64776.512323 -93264.416551
-63899.875560 -65742.741263
2178.567533 -84707.908891
87770.125658 80894.646768
-53407.022090 49776.118817
68049.330202 58805.703143
54367.303579 -92695.602046
-80602.652176 13951.578047
76573.937968 -42045.750791
-94088.171101 -70180.082574
30574.532070 -60893.641117
60782.383128 -84938.247052
91726.295117 96277.191650
-9758.466458 -619.013189
93012.517597 -44080.138738
33377.366891 36671.806286
75876.653251 68099.705852
-372.894386 46338.270976
-87792.443420 63361.563671
-77807.946528 -78955.946728
62488.274236 -35474.279319
-7018.982247 44969.961318
-46686.113448 -56254.483885
-48234.214186 71700.468195
-78446.479407 43830.657033
42539.600102 -26466.992261
34457.359785 -69040.395818
14058.377769 97549.027488
55998.434502 36032.864431
93996.304206 63961.684406
-60622.523079 94021.272809
94594.752037 49308.989440
83544.113639 -64.415733
7751.853754 8841.693553
-24264.730286 -11301.410128
-27141.115356 -35134.607482
-88490.509889 -56387.599200
63611.939441 -21907.053928
-84216.310112 64593.509834
-35594.392269 88786.242291
35119.133148 -85747.495234
97097.643491 64986.839868
13802.035162 -15261.993102
96872.566823 -36981.506049
14961.912252 78979.969285
-15478.906099 -79883.730769
-50700.812035 -29845.251330
-37706.834745 20375.884548
-23991.745931 92342.558173
-3170.984691 74166.743358
-97811.742065 18548.902722
29688.111543 -28946.569535
-29523.156793 -26409.412316
29165.895461 -68306.090708
-21567.957677 37528.740532
-63259.730591 -73378.573965
70146.701275 -42885.485996
-20401.692735 -78698.512822
95198.682491 1353.113403
-69225.652319 22384.907283
51301.621695 -36448.323374
81126.023978 38722.845745
38490.435214 3583.300674
31110.132806 -1105.243430
-89629.628406 -31542.342267
41184.206800 -55812.810450
-33121.459347 -65784.162439
-5898.250735 49796.519062
-40495.610245 70336.425270
56068.589347 -35763.419144
-65238.872954 601.852318
68505.777361 82366.614072
-82896.528816 24873.429058
-36994.475180 87008.407309
38250.416351 86081.248487
-26585.256408 -79107.465760
5360.998761 -60856.539755
94143.623524 -11927.776724
-93045.780178 -26210.505310
-2428.457547 22026.972708
-71217.885385 50847.934173
-10001.195157 27153.292990
422.431333 -10853.800016
47308.927137 18118.736614
58265.164745 4298.481371
-99419.569043 -81599.529507
52112.160647 42386.557726
-37463.900943 -95735.167594
88173.722362 -9485.503714
45272.135068 -85295.788227
-30472.451505 -48215.732125
23823.394934 -32081.540163
81953.468841 -42684.783543
18205.000644 26236.858791
39906.137813 38010.124179
54246.577393 14404.357804
-16534.724644 -26111.825603
56136.946839 99789.198262
-2042.892792 12898.329034
-17526.164116 22347.702571
-88646.569734 18629.025365
44357.156848 -58522.912723
85517.096434 51062.105882
-97588.363978 -67640.577685
5697.618515 53375.497168
43785.556147 64693.243343
-33497.407239 -40746.878239
35004.980464 -37461.057364
53407.779053 90961.240552
-23688.439628 18327.870257
43490.455996 25887.931782
-85551.505015 3342.766064
99150.525787 -96048.790737
-60694.846942 -52394.493494
-21072.431615 -71763.069755
64040.539128 86035.496553
-47578.433191 2156.568207
86918.087445 29162.830528
48529.477543 -16378.439370
70302.235116 87378.366900
-51935.483678 3851.070029
63181.047385 61903.359045
-47888.148774 93551.666820
-29036.601142 77094.007517
95163.288723 63656.152202
92227.526834 15862.768434
-17471.060262 -80048.938426
17746.145214 20538.861283
-42717.878251 18683.815307
-21595.559706 -97888.822163
13871.418247 -89788.941557
-49743.531458 -1128.481927
-9932.987739 -54799.179418
-82883.697256 -92171.138887
61780.670466 -45313.229842
-64744.027019 -40172.261901
35793.528173 -16601.329513
31025.628010 22299.937927
39458.585243 -38243.772637
-35577.347232 71253.491797
-80432.723484 -85278.463349
-49325.690686 90043.600544
-69516.402532 72323.541670
51396.284276 47686.449796
-34762.366546 -5856.755413
-69076.159910 83968.949925
-79491.006225 74851.646857
-95345.953727 -69319.804724
79816.551722 15046.950849
-8404.060110 -1527.221316
52162.931625 62091.431526
-67959.267325 -10371.050096
-30037.174734 -4677.943260
-38327.236515 36847.939515
-45459.414292 51208.267288
-4906.651820 12041.483509
73582.582479 2556.463908
92284.545326 65574.894410
55231.176726 -94670.761622
-22553.134520 -80561.843084
49798.453821 30196.587831
-56406.765009 51930.216486
-97693.684612 80504.754015
-82197.312488 -64746.313362
-49520.718908 -46211.497850
52190.548957 -61642.881278
-54198.193474 45403.623403
24676.602978 -36376.540625
80415.157705 63738.496350
-89811.257764 -39538.204436
-18417.467836 -34336.331502
55349.061464 -15336.742166
-21603.398437 9570.027616
-2222.131560 -13249.439099
-17951.895928 90336.442837
35958.082200 -71099.926358
-83218.825369 77255.245946
-92992.399027 -34319.627920
-92617.845158 14265.441668
-35834.911972 -54990.786248
31085.904266 38605.778285
35157.672831 23095.367543
42.332283 93220.933207
31632.931346 -82982.526570
-75794.164572 -60368.566505
-93871.193162 -43569.582547
3233.028975 85561.761328
-69743.346535 -36141.356486
-81727.273423 51899.686050
98304.570593 -81653.351495
96613.873313 45015.942876
-54487.325197 -18086.921502
90582.544748 -67409.728339
-41807.191559 6165.209717
27332.843186 67026.316219
-10305.781137 -29983.545074
-78546.274454 -20115.498019
-37464.382451 23911.652137
-53780.402551 17013.426115
6684.207723 -11602.914985
-58958.165030 -96146.518170
9583.434929 -21093.334814
-42287.496356 15675.131449
63354.658543 3358.857937
-75980.272520 -53995.861100
-7685.567325 -48613.802395
-65833.396008 95624.391473
-50651.525279 -32970.836050
15688.854463 84621.970229
-46140.508331 33924.829629
-39385.873051 1640.335223
5885.114444 -25391.620177
-44712.402364 -21818.293422
-68246.639780 -3313.840664
-80583.117724 -16947.128295
51035.980220 -68224.290837
83410.168075 35136.830269
-76222.239734 49959.462149
-52671.925866 34211.334375
-40933.080651 -95377.249055
-6325.803968 51890.963856
-37145.850391 48602.815109
-4003.744240 38649.355205
83774.619737 -29866.166445
16493.901609 90282.999478
94776.856920 76087.722576
59167.894247 -22296.239909
-42523.437119 -15721.346303
-59956.503761 -46442.206126
-65687.658956 -34087.618949
37173.207115 64735.128740
90242.988162 -33314.705150
63553.719436 -95504.236772
62471.781969 75070.492954
86115.979696 -35598.946831
1877.630066 35963.115859
12849.965038 31377.542613
74086.264679 52020.364263
-50477.834518 -4574.928954
56208.158812 97651.638438
18921.080841 -23595.229303
74401.717394 52254.443722
-9983.034651 -18401.100611
-33861.856906 84654.616976
94473.578895 43215.304397
-59598.194892 -19650.784024
-31727.079531 -27500.115652
-52338.283115 605.071285
63942.994794 -9711.762588
-81480.276015 75169.478306
-88276.233082 99278.673104
-17385.086808 -86411.830062
30392.244355 28380.974799
6101.268613 -9318.956111
-46201.774260 54747.914519
2461.486085 -91672.686086
-68215.117987 45804.774213
-10596.998955 98093.534452
-34547.644724 49124.457975
47049.520154 91746.241183
-16645.473285 89472.507706
-14814.726767 38631.246459
-99162.193566 50468.627434
95897.342617 -3863.379475
13210.819841 -72845.494202
49710.627978 -39437.975955
9035.933436 26682.390760
-75178.324580 -46504.129014
28497.498076 4604.733193
-11051.698656 -16939.063039
-56912.334574 -81186.751439
-99777.105499 80634.545744
-34257.065862 81587.649353
-35501.097588 -71007.020905
68328.870532 15169.674753
-84593.049882 39466.603659
25833.563836 97762.395517
-35850.152616 -98237.818681
71345.888580 -21727.816036
97464.204689 -15801.647083
-29708.893953 32787.884353
-60672.438153 90494.672274
74898.229659 -49229.194076
-23605.553624 37634.168215
15431.188065 -7115.549826
-49984.062858 -51931.817388
-59654.813407 51260.040414
-47338.851365 50553.251933
-12167.645967 67336.733637
-70582.124482 24366.090632
63618.545443 -76090.800515
-50469.591716 17033.971347
91502.892796 54306.068140
54606.275434 59910.271829
72247.659232 -74673.701906
62606.870035 -8825.688762
-20528.890354 -49221.500779
85233.704826 59651.536850
-81909.966778 -45294.703215
-62813.939392 -2265.932355
58.429391 52387.611355
-86433.014600 -90558.675995
47597.912469 -52401.246337
-83924.989687 -3717.465273
-50867.528628 -10784.684814
-12177.292473 11875.265314
-61635.175231 -69241.165204
-33211.375014 64056.938484
90770.770380 -37694.797749
-54089.946227 -49569.810812
42630.587140 -88769.057718
7758.365277 -39072.748814
30345.588288 9848.152833
12521.219096 16653.301390
-72473.113464 -50296.111063
-16718.470099 18557.916820
23906.369445 24591.644184
11602.065349 77385.092414
-7706.390096 59641.678280
70639.391333 -95723.807349
-72334.505354 -50209.020772
88827.711511 -55823.988007
64526.296988 -80787.950149
-59736.429762 28045.293450
-86869.300311 -12643.492981
29728.671022 57254.102295
-6890.588408 -76178.799245
-18692.622382 4438.354078
-38853.046671 26462.209669
70522.082999 10933.603417
-96770.196836 9536.842354
-42789.744997 78476.860963
65509.180852 94334.105196
61248.227075 -83501.006238
-23757.462918 -74605.143531
-62086.527966 72520.380485
-85157.051867 -13236.263000
-75659.673797 86007.075033
68349.003648 -86135.544907
40154.406748 -89047.137144
62228.962114 -13658.995832
94199.439004 95813.749311
-49085.695791 10636.245179
30028.787039 37439.483512
32766.088144 -82450.616831
56364.300029 14331.273253
21745.503292 -8633.778923
14608.448847 -34627.294460
-55369.583499 37889.686014
18692.052065 75374.110391
96665.145428 -73327.180672
-27101.667272 3895.762196
69274.317363 81860.611335
-96529.507380 -8486.811685
-27328.778324 7912.888130
-95819.428397 -20797.139618
49268.216032 -24280.930900
68235.433344 -96349.761500
-17528.308412 -60466.418474
865.455367 -21527.937138
-66348.505598 -28415.895219
93559.044320 -20084.628105
95610.298594 -91368.387804
-38479.609768 22865.288565
38311.224210 38667.014548
-34939.344444 86935.692293
-21179.365380 -58185.464904
53630.274851 -34382.069498
63463.236387 -14328.190940
-95550.149698 2319.337347
65804.937718 13386.493303
-35704.326106 81871.169849
-13454.101618 -72205.944950
-26794.772423 18370.125649
-91903.036910 79161.022929
37023.085032 32515.294824
85248.243518 -32266.730471
410.966342 99436.541973
61148.418528 -91486.679694
84665.467852 4368.766716
-80943.919761 33147.432394
-57624.900299 -17160.965481
-72458.968090 98293.553114
-98749.348355 -64491.343054
96149.994174 -26619.269251
-50927.774640 22275.938301
-66746.814635 61481.045763
28519.031855 -95622.984005
-25006.488719 34650.610115
-10161.638696 -85866.256310
-28430.506167 -82402.640764
68529.479878 -33475.369874
5996.020922 -68354.962145
-77721.244548 -95893.215634
-27325.192806 -17564.849153
-18113.587948 12468.343807
32714.804666 -98913.022308
-81489.159228 -50056.999369
89626.363495 14994.477690
74168.525059 -44951.957287
58112.456250 -1982.784313
-91573.886302 -42057.854783
71850.996011 67328.169318
-99500.736578 99608.034360
-80020.872289 75831.764842
-3479.522168 76836.816509
-29211.390237 31883.867480
-39027.670682 34198.570112
27152.074563 94036.358831
-3290.595852 58009.943938
62990.720483 -68561.105570
-1759.561338 57088.531170
-76174.024912 -51603.544044
-62410.446930 -43371.874134
-15751.663160 78441.411827
21340.856127 97483.584572
59511.998302 95107.413705
-64487.010652 64936.478576
-93605.657705 -66377.207297
-47336.026232 -24607.162612
56059.061482 -6279.107463
75189.481842 67954.727603
75114.010312 -19179.844443
46788.623311 -41282.917439
51168.306823 -85036.799891
83706.977299 32734.043340
46078.158056 -45779.259007
-91655.716816 48374.959668
-28172.060786 91335.677674
16874.415398 25308.067718
-24898.075807 18007.643789
-65364.426981 66886.986438
-81667.921000 27034.403601
81003.688944 11784.902321
13997.404978 59286.824846
-17827.229003 92267.913764
88134.220202 -67470.014209
-19262.013315 -33966.879115
-66247.152066 -42220.138044
97100.413834 37949.233697
-87658.521539 21560.707661
-23005.155056 85405.433011
5861.272739 73821.947922
94523.578746 -7403.034859
67452.640767 3727.135937
50994.393426 71537.306712
-64871.539348 96093.688021
38804.816943 -8548.267769
53501.147429 22330.519855
26649.524277 -1696.158438
-35807.508478 -52045.224500
30818.797747 43550.810930
63897.548563 -57341.358623
-63314.937688 87143.870498
-77660.873774 -87641.688910
28219.046599 3211.402688
80487.817521 -86490.861072
38498.333347 -80815.693619
-93732.930067 -78142.870985
-92293.012565 -12872.604475
363.580522 -82547.600078
38017.806602 29411.202564
41235.702845 93457.129444
-88375.260709 -72221.281605
66256.218778 50553.614790
11801.238758 -88802.044251
-45339.713664 -15945.738519
-85929.732234 -76531.164851
-64317.435856 77064.375629
13536.495828 32609.516959
-60866.585502 24272.960281
-41591.678657 73668.261313
-89859.776883 -90017.614298
-76379.362247 30960.731369
-99498.956094 35442.330316
-79785.243673 33492.422730
60035.010475 -47971.110599
-83148.578953 91440.663776
18267.172422 -52366.387419
86544.651002 16293.508987
-37867.922911 -36454.686263
-1836.798041 81454.742669
-68121.959092 60094.765738
82905.111639 -17675.546759
84266.353040 -76002.624258
-59092.524630 75151.660412
1574.197808 7777.744640
-77675.508495 -11785.468098
-68978.416013 98483.964569
94690.923740 -45146.258189
87831.650480 -29205.047834
-75714.900501 -19366.908157
-12064.957078 -7651.552126
-25253.252964 8662.983305
-33860.958522 -38281.693745
72548.586916 -55529.126991
-95982.259052 5140.534317
-5842.678414 16841.425467
-71204.518021 81355.845054
89904.290239 -28583.356620
-7060.066216 -28061.889385
-21262.857237 -9134.021101
88683.158124 -88172.782503
33855.380344 51191.386544
80878.111711 55459.743222
42217.003328 59516.896477
6794.963912 97938.299295
78630.310140 89005.779013
-1388.858797 -69925.412762
-89915.429789 60687.077293
84840.501462 69110.748153
-24406.077467 68726.993145
94117.842258 37576.868186
-12662.004685 -87188.049226
4083.331413 90020.431155
-75436.779583 80672.786374
29441.939911 -57666.353042
-28090.272471 -82457.287266
95046.279738 -69002.614680
-95672.932537 -23402.351107
83943.615414 -29332.978131
43053.750226 -51932.029760
-90139.526827 66760.002395
-82498.334344 59983.695934
-57605.511617 68047.744822
-59243.576154 44020.021512
32032.743230 -99247.722740
30868.630278 92903.010842
15953.247537 -3876.836472
31410.274589 76763.307697
79858.021966 -53941.282027
67637.194757 65575.387218
-40311.363809 -1458.925840
85769.057862 28817.216932
-82306.630293 18878.349545
-23994.570568 43162.065923
-23780.938006 65778.353505
78220.240203 -93262.170768
16120.397155 39018.290687
-13093.280825 -27467.355103
-23623.503421 -84140.138837
-22980.246481 77866.781793
-63981.672851 66441.808444
89972.439053 62046.854979
23173.620904 59020.929288
69620.052381 -81559.520779
-42645.772630 -97203.943607
97686.006269 -46110.355433
-39691.997473 64939.844420
50856.252268 -30707.182509
-19762.110464 -82463.335268
-57772.313581 -31003.870168
87415.470578 32199.008430
4475.651357 59669.326880
35178.470324 38652.056182
-20814.608431 -96882.473984
31896.267114 45798.846298
-9969.496162 78488.712525
29475.346055 92325.107422
19963.083649 -91213.861596
-64026.217772 -73975.022250
-68953.337595 20063.239089
-77778.600872 -57520.261111
98086.630781 -2737.828696
49885.559255 23389.083261
49369.724391 17656.744114
-510.987932 -98799.524788
9970.754670 95088.275878
8943.289804 21042.390998
-44818.796811 43010.446866
65488.192392 73643.260383
95635.205461 -16843.739951
-10516.039911 -49978.991207
12778.198245 -1874.273942
-16415.918960 33418.385740
-51839.818883 -38810.308102
14519.191543 30417.043750
2625.596370 -4158.965052
31686.071166 10269.139563
-78774.008233 62007.906031
-46996.122059 77957.813295
-40427.388096 32057.251999
-60539.982428 -3228.730817
-7855.993476 49268.615744
-50626.873981 -26902.811579
-35664.214687 59201.438679
-37394.793827 45838.385010
-68674.489073 78907.171415
-6544.273983 51642.110406
-57431.913655 -34547.190658
-42974.877837 99870.268998
-15985.336278 -71230.018467
38213.366679 22373.417418
41726.592650 6887.074706
-69720.293132 -21430.172583
-83956.038733 15312.106869
16527.742105 64531.853487
-59268.461904 93860.868735
47659.386803 -33273.663267
-85583.188714 -40286.862119
-20010.740442 20232.220953
-70004.205577 -63226.267849
-63483.279562 -72056.738619
95735.169334 -91385.219274
-45835.930704 99611.545620
53167.499599 58773.985756
-33876.032877 29816.052627
8289.348817 -25378.766009
61285.242358 36722.519151
-28846.605573 -9984.567632
80743.008439 96819.068212
7800.419967 12074.487999
-21625.588461 76467.836945
71233.329491 25578.275161
-15740.072448 -61432.722292
43076.504470 75661.180115
-18177.362036 42249.593149
19894.079916 -84716.008036
-10364.325439 -45581.902811
23708.756441 52883.065964
18610.600308 -37629.920787
52133.881626 -71733.515930
46951.395145 -23062.602905
22666.649426 57817.964260
81739.050790 62658.213715
-58206.970970 52730.799133
-16927.758559 -93189.637866
-24817.397452 18655.422901
-97650.481177 50067.927970
29750.366294 -27689.206140
6056.093707 -85661.076422
-46138.448762 -37351.469758
89798.612603 -10025.725837
-43948.262136 -44238.337367
40732.748023 29620.893118
-72650.696114 -13231.503249
7352.252596 15387.322176
34103.706895 36148.045577
-1363.954030 21293.331633
27548.748117 13885.161253
58312.735662 49284.606135
-46128.133468 -26374.721596
-59946.328831 -17672.750314
-76958.702006 60926.089643
35388.729090 -28273.997682
-49325.282087 -50468.941716
34300.432929 -67337.683511
-54132.531238 79430.828473
-43379.726006 -48936.086936
-11539.141132 -14572.522600
65027.530732 -79173.734838
1440.602158 -49442.654144
-37620.156186 92733.834103
-30886.968881 88609.245815
48603.095904 79195.931272
-64859.022464 -23511.715204
82213.479786 93184.960451
42772.649668 -49176.292080
18987.694415 -17479.403639
71991.466680 -50019.386256
-46813.427869 -1377.622402
68843.420865 -4032.503372
91667.709600 -53643.412979
46906.106110 97781.515598
-47505.929406 6546.841137
-25959.456517 -960.285155
53191.681987 -66380.888087
20906.659888 86798.422363
52858.778684 73255.137311
68195.086764 90888.844399
-42347.876774 -85189.081781
48214.842333 -18288.856703
16903.644434 -97019.798353
92824.266921 62240.326829
-27701.523165 -11636.836104
999.364575 -90489.042921
21777.021929 -90549.395422
-90844.286794 65979.412322
53648.948216 23647.976817
35524.634447 -34781.848485
-57187.020934 2240.828403
-83693.994905 42205.651177
11637.906473 32329.689233
-59803.274215 8673.698517
-90074.249143 -9246.467455
-97797.192317 24280.475941
58890.873602 -78017.453120
-53420.869629 -28564.219321
97800.623710 4741.571130
-36718.704742 -74165.097513
-9777.871426 58472.669001
-78072.798418 3998.588422
20875.721874 1963.091528
-69328.069038 75910.944460
-91269.705357 -91425.745981
88575.557724 61442.623127
-33026.770559 -83452.457442
-39325.799772 -78025.930666
43667.274334 98344.349908
-72007.693502 -61012.274425
930.479380 16580.010873
-12446.096810 1746.057999
32954.177119 79919.798132
92152.579999 99895.157948
-71285.083462 89556.864509
