100 2
41 91 5
24 94 8
87 16 2
50 75 1
11 84 2
24 45 4
77 28 5
9 37 6
28 13 2
60 98 1
86 96 3
56 27 2
4 6 3
65 54 3
74 81 9
96 25 9
50 2 8
47 86 1
70 32 8
41 82 2
1 30 8
30 35 7
55 29 7
60 48 9
28 51 9
28 18 1
4 57 4
64 61 2
34 40 4
98 69 2
69 53 3
81 56 3
85 15 2
46 65 9
19 10 4
56 100 5
34 64 4
77 74 9
22 63 2
48 58 1
33 34 2
15 89 6
80 41 5
98 71 5
2 19 1
88 79 8
24 97 3
18 39 4
97 59 9
31 3 6
81 67 1
39 62 7
2 4 3
22 66 9
52 68 9
64 93 9
81 9 9
98 95 7
31 20 4
76 24 1
81 90 5
24 7 5
98 33 5
80 31 5
38 42 1
15 17 8
98 12 9
71 77 2
2 52 2
7 8 8
1 80 3
70 46 4
68 78 1
40 92 5
60 83 3
52 72 2
60 70 8
34 43 6
46 88 8
7 73 9
34 11 1
1 60 9
44 50 9
70 55 6
34 47 5
8 21 3
54 99 3
46 22 9
9 23 6
76 5 5
1 76 1
34 87 6
82 49 8
54 38 8
76 14 8
98 44 8
52 36 6
20 26 2
55 85 8
36 59
