100 10
53 96 6
43 77 6
72 55 5
87 76 9
47 51 1
32 57 6
22 82 5
1 15 7
25 91 2
99 37 4
89 28 3
34 69 9
65 41 8
7 38 1
66 10 2
89 29 2
1 49 2
30 65 3
78 75 2
31 92 1
1 99 2
37 98 2
10 68 1
59 24 3
5 33 9
48 93 9
16 62 7
29 95 5
49 20 7
72 9 3
5 81 6
32 46 6
36 61 5
25 86 1
97 19 2
23 58 9
92 54 1
76 40 1
80 74 2
99 83 8
89 53 8
81 35 1
97 17 9
92 32 4
62 3 7
78 66 9
5 84 3
21 27 4
53 63 3
72 22 4
1 80 1
58 100 9
17 71 5
2 94 5
19 43 2
34 31 9
5 89 3
80 25 8
22 21 9
69 56 7
28 67 6
72 34 5
20 36 1
29 2 3
97 87 1
15 97 5
63 88 8
73 79 4
67 85 6
62 18 7
1 16 9
5 64 4
43 59 3
50 7 8
56 26 7
25 39 5
5 42 1
41 60 4
99 8 5
49 44 4
20 13 2
86 6 9
51 4 4
99 50 3
46 52 6
5 11 4
27 73 7
44 12 2
22 48 8
15 30 3
43 47 4
15 5 5
9 23 6
95 14 4
84 45 1
22 90 1
80 72 4
22 70 4
5 78 5
96 15 60 12 93 53 70 31 22 41
