100 100
14 64 1
4 78 8
31 37 2
14 2 9
93 94 4
68 3 7
65 82 1
51 74 5
73 15 4
17 26 1
90 93 7
4 21 4
93 23 7
1 55 5
30 76 8
21 50 4
73 44 3
90 87 1
40 67 1
80 25 2
33 32 8
5 38 6
55 57 8
29 12 9
58 6 9
42 19 1
56 63 3
55 80 2
22 90 4
15 99 5
1 59 5
63 84 7
98 17 7
71 97 7
22 68 9
1 22 8
31 54 8
93 66 4
1 79 8
79 16 7
66 88 7
79 85 5
34 39 4
83 92 2
11 10 8
11 40 1
47 53 2
66 100 1
46 51 1
70 83 3
98 34 3
33 31 1
1 28 8
90 5 6
11 30 9
55 7 1
73 58 6
41 95 3
55 69 2
95 24 5
16 60 2
15 56 4
73 98 7
39 52 6
90 33 2
80 42 5
46 11 4
12 71 2
11 86 2
41 77 6
72 35 4
88 36 1
87 48 3
17 4 1
38 81 2
15 14 7
75 61 4
7 91 6
15 65 4
6 20 5
85 72 9
6 18 2
58 96 2
87 49 2
55 46 9
67 13 5
66 75 7
1 89 8
73 41 2
28 47 9
1 9 7
48 70 1
41 8 2
6 45 4
52 62 8
46 29 9
22 43 6
55 73 2
40 27 2
81 63 46 94 47 58 5 11 52 21 42 53 40 36 80 41 31 56 96 30 100 13 99 76 7 85 2 45 84 92 4 34 59 38 98 64 87 24 23 86 61 6 71 57 91 95 90 55 19 27 65 8 62 82 49 44 69 67 29 35 16 25 89 39 10 60 17 54 70 20 66 15 32 12 97 88 74 14 83 18 68 78 37 1 26 77 43 79 93 51 9 28 75 50 33 72 3 73 48 22
