1000 100
713 826 88371
94 710 67380
961 61 64528
635 6 52370
492 609 19977
273 926 51055
480 371 79994
100 471 90041
424 382 98622
313 991 67120
577 709 26092
339 202 24934
145 30 59288
846 836 29455
165 196 42848
640 212 82314
590 349 51362
670 71 59557
261 215 53599
941 583 42537
121 722 72384
671 237 40943
17 162 91206
652 187 96307
44 206 1711
965 207 41094
939 118 42234
98 605 93389
910 79 72320
558 334 7269
561 233 68327
34 376 57452
688 489 76844
120 916 95136
140 459 82467
839 758 88183
936 466 81962
449 367 98848
983 994 59062
826 152 75255
642 280 23513
1 967 80459
124 32 35763
59 659 96445
729 22 18462
567 863 10015
259 731 29597
858 188 77935
515 17 42314
758 132 99747
175 588 15346
666 324 69747
732 631 96588
304 55 27775
161 957 84195
237 208 50565
681 151 13484
264 542 60384
486 769 37548
104 873 28440
672 289 32448
694 323 23506
47 95 85748
838 578 71757
295 838 1462
1 642 15008
567 912 9798
217 585 76788
604 814 11401
592 717 64636
867 671 12450
124 773 47844
292 168 23178
812 882 11904
888 12 70887
299 205 31100
564 629 93314
24 602 63428
53 680 9202
821 834 34355
763 921 50443
488 544 52627
124 530 67499
68 862 97765
688 372 73019
69 806 86981
767 666 58184
338 896 25315
874 331 8211
42 199 74840
486 309 1218
944 389 99064
754 107 30116
850 992 53865
826 936 71590
346 2 17372
502 400 86939
946 816 46594
532 108 20778
359 320 25540
804 774 8528
604 436 82353
711 720 18617
110 391 54020
881 778 51031
265 426 91722
68 549 12459
932 422 34421
31 669 59601
267 270 20620
534 925 92344
436 645 65165
253 424 98342
528 871 7274
29 809 72991
476 559 67101
531 915 84276
294 433 23304
104 373 56173
822 780 58862
875 374 46927
901 903 61110
631 527 99706
471 522 22373
348 62 53710
806 770 99450
604 346 60993
758 260 61863
604 685 59971
642 997 76066
84 923 42575
203 796 19471
219 294 69570
624 37 62395
573 592 61746
297 775 77030
29 572 56799
124 84 31406
46 947 25730
856 358 52386
965 404 72383
316 639 85837
9 328 5438
895 184 83700
105 174 10454
732 135 14170
506 43 63669
358 661 37238
417 451 34550
295 50 72037
588 470 52397
352 883 57053
425 738 66284
785 747 65360
308 262 50365
338 894 12957
875 279 95077
1 895 12109
488 763 17770
603 430 70132
60 170 60209
1 686 97733
273 319 43846
111 515 8651
371 599 91516
95 501 93598
465 532 31465
413 662 58752
486 687 19088
604 500 1739
721 506 56891
315 808 4077
821 692 35449
152 960 81752
784 282 7941
694 726 15013
212 120 39527
983 910 94444
521 441 35357
647 407 62372
373 603 5983
739 209 23630
910 989 95296
670 845 24778
3 353 18907
714 7 38829
297 523 88493
755 105 71190
670 917 1738
310 321 81409
140 830 98906
74 594 79520
110 85 58883
446 114 52402
124 574 79404
943 472 58249
826 387 21344
269 638 74445
269 443 56049
123 819 9106
99 396 27837
331 958 52355
617 771 16216
245 227 28343
506 48 66532
327 518 80145
422 444 57035
861 730 59059
342 570 19973
536 381 9410
655 14 91964
373 419 58534
358 149 48080
356 158 24390
948 847 3059
891 179 33381
821 727 2347
659 87 10660
473 363 80163
613 177 25894
431 45 36004
597 20 20027
121 423 22608
714 13 16874
66 689 40981
151 576 64231
378 641 24234
685 888 63516
737 885 34856
605 899 49046
799 268 21744
668 636 40244
921 984 57050
705 159 85897
100 413 7629
262 757 3498
524 902 91596
57 854 45553
577 220 56249
569 44 81164
20 779 87406
458 147 85265
867 514 28112
716 437 66455
669 425 77828
820 191 56581
54 859 20229
523 810 22896
66 676 98114
834 251 47745
213 798 78446
568 633 2716
659 721 40382
230 553 65429
292 901 48910
394 943 44841
521 57 71341
365 138 9700
406 339 4390
26 881 79068
368 204 92564
419 857 78588
640 900 52034
258 340 44944
368 760 88279
769 34 91130
515 741 11332
119 186 70478
59 38 5470
488 156 38900
22 694 14504
459 254 37500
772 189 30542
895 250 43351
642 907 47104
584 517 88817
419 460 64137
254 575 97044
734 131 80272
368 510 1715
133 788 70174
95 878 9831
529 600 70866
745 728 78622
955 493 23958
852 704 97594
964 29 66042
342 375 69768
343 28 86731
186 285 69121
939 143 91077
434 439 5871
531 824 30417
465 839 22339
279 776 83610
245 787 4041
759 246 13076
331 679 85753
358 416 31542
658 503 24469
932 316 3797
99 822 12708
807 420 48648
804 348 72205
898 327 32219
894 743 2189
716 474 63806
124 121 57644
933 4 20376
35 939 49162
549 897 9643
531 356 20439
654 247 78458
93 434 24919
833 102 17695
574 531 58168
310 802 6283
13 359 70334
13 735 72767
508 304 42243
990 658 97690
993 46 1422
297 940 71791
604 330 49537
101 998 49138
767 829 19639
3 252 17980
781 160 42766
763 81 58288
532 277 11474
295 714 40879
949 976 11433
932 558 89737
156 660 82344
24 429 2155
517 302 73986
757 345 37869
217 498 26701
99 256 59644
642 297 76061
758 557 58361
163 678 95396
838 627 61328
365 253 43946
1 395 5380
53 483 63335
285 833 43071
218 931 29663
955 463 72062
338 165 71015
820 799 18393
476 405 65617
785 408 5260
488 927 57182
109 258 15437
69 210 62430
455 481 11969
954 117 27812
590 652 13983
267 432 56114
714 519 24163
530 729 16894
676 60 99997
814 318 29055
47 705 83347
59 843 70426
917 153 80814
390 887 78667
903 52 64657
171 299 34850
640 119 54462
886 954 24646
50 781 15490
816 293 77757
169 591 49993
69 288 8732
38 47 98259
74 193 1245
716 169 10943
640 427 14349
73 782 79640
659 800 77192
195 78 75082
386 702 36345
312 608 1732
31 995 99865
490 453 80073
286 922 15606
590 350 90994
257 616 1407
405 988 2458
13 933 60517
305 803 26168
286 640 25531
625 573 97871
47 69 44010
100 825 90721
668 745 17077
584 718 22046
866 73 31041
181 314 71458
696 959 27446
465 624 97606
505 166 94286
882 813 70759
1 867 13415
635 979 64175
505 700 83845
529 41 10554
841 298 26477
856 178 116
1 713 84376
365 538 30298
635 65 67371
1 465 61663
297 891 54609
742 807 59055
98 142 92957
604 182 1139
867 610 50276
370 355 45028
743 272 9650
405 930 64703
640 104 59155
292 792 65407
101 310 92631
978 528 12614
462 229 17307
394 385 76206
622 242 49239
68 257 52742
908 236 52998
612 955 59976
1 783 88260
671 133 85581
769 983 15242
358 508 56315
276 665 48044
532 906 6418
990 457 89466
611 840 86993
404 418 16114
141 971 67769
572 80 4046
792 850 59951
375 461 99218
500 230 19336
927 329 14446
297 682 23532
965 383 26757
886 786 57168
417 889 12955
627 509 19197
53 986 22208
946 732 26581
797 614 22321
71 961 43971
505 369 44090
315 92 15720
16 562 37783
685 370 59504
93 201 49798
964 167 16835
210 301 85351
39 223 12148
295 634 5782
535 243 65503
686 853 78524
564 584 33612
903 980 43586
38 744 56913
415 106 70164
522 929 11439
13 785 50464
287 606 90782
935 283 99301
74 27 68855
280 748 60321
577 450 22306
59 577 32293
565 487 89606
741 325 61957
839 122 28392
509 818 12273
500 354 61149
471 490 37167
947 621 14094
610 365 97707
620 394 11378
17 307 92877
865 625 46239
395 804 57746
111 875 84958
486 949 14636
346 827 8278
922 742 57952
967 654 4729
909 341 33893
227 981 92342
100 56 42425
135 648 90995
981 484 94250
613 66 30905
670 620 396
361 869 43229
564 534 19287
121 675 25922
291 364 58667
528 357 43314
537 296 93887
763 473 99771
107 235 56531
106 985 15552
455 924 35323
867 668 93412
659 586 85814
261 397 11033
689 942 83264
536 88 8231
184 670 73587
492 231 4736
462 291 92061
161 966 66903
859 380 94965
161 790 72777
183 870 27660
947 421 96080
852 49 86385
429 545 43536
927 579 75025
590 435 95259
165 938 79601
586 194 51854
739 560 55303
605 766 92441
93 455 37523
450 388 7307
100 964 56163
881 858 97610
121 723 29183
546 241 32040
707 447 98974
524 860 19447
157 440 40030
807 969 71407
844 526 82841
436 874 29152
684 941 48744
84 313 60008
167 963 76332
295 999 71842
671 488 12079
127 848 46457
416 672 91545
613 973 80028
973 593 24391
860 554 70603
742 596 79776
98 368 8102
223 458 30036
713 632 16816
247 274 34266
982 360 66645
197 823 85924
922 53 97430
395 480 39209
572 751 8561
754 815 37120
201 486 61434
486 494 16647
604 821 93307
910 525 11044
497 764 39904
851 617 90244
392 171 86711
125 546 15730
945 276 27321
291 94 91795
353 402 28213
11 415 14212
152 322 81978
68 3 90379
642 183 47165
10 956 69399
125 846 18627
936 261 58991
285 112 71102
201 337 7920
918 831 97555
561 765 52632
531 406 35613
59 835 9280
590 475 84626
597 91 77812
379 211 70413
927 555 65174
307 249 21376
9 269 79786
848 225 11761
858 18 81507
714 150 66462
520 306 11835
993 749 26253
317 777 67339
225 715 17229
70 884 89044
713 740 83656
964 154 3638
589 401 84338
713 74 48615
392 123 47960
465 913 94497
339 90 86125
193 756 43006
455 173 34458
16 589 24152
424 512 76097
29 750 5612
417 877 70288
519 386 30960
714 218 42089
684 462 88099
812 361 90339
935 245 10576
841 478 54699
346 880 9044
101 124 34109
990 216 93256
721 767 91942
212 635 2472
203 76 73986
698 77 72128
902 864 40224
607 587 25697
223 181 27260
575 893 4230
611 590 57323
395 696 77539
642 35 15049
578 180 2472
309 176 70687
195 768 46889
821 550 66922
450 537 1140
561 378 3492
534 213 37821
568 968 35343
987 581 31161
373 597 36238
797 541 89210
353 411 65812
46 683 55964
627 1000 52160
463 366 20449
352 290 78610
111 598 14989
356 613 17267
93 157 34727
606 649 49155
896 656 27945
303 384 81972
35 312 8595
721 342 46580
978 982 3790
47 125 64374
332 409 36162
799 392 28728
533 513 10400
465 502 31222
451 24 39526
895 711 8208
820 96 63241
961 67 49360
534 300 95840
143 505 40447
974 145 41117
684 708 83111
990 39 61909
495 832 82674
290 595 91040
536 9 83804
897 540 72385
867 286 99322
754 820 27233
597 332 13092
993 684 88105
245 5 3501
979 8 93863
521 653 35968
450 31 7421
670 951 99702
681 837 36303
281 565 30627
625 950 68197
356 139 31805
549 876 57672
158 83 56275
525 452 67897
161 271 67191
309 762 6068
191 482 87390
46 529 19181
870 140 73883
228 618 28694
222 674 49092
867 564 49813
629 54 23992
577 197 72917
267 706 60039
605 42 16808
947 975 80450
582 192 18381
567 146 88023
551 390 72937
89 667 8982
283 791 60924
141 795 70480
676 185 37381
759 217 73524
74 414 80757
554 36 10830
429 491 64847
86 736 92651
536 535 61489
689 842 92809
283 568 58816
469 438 90916
167 25 60443
536 111 6608
309 516 53184
71 630 75465
625 970 48717
118 240 71587
560 852 44206
342 911 99226
330 622 77985
993 772 7102
742 164 50515
286 100 69816
184 932 53739
592 412 73454
670 849 8870
925 974 50451
416 136 9151
35 724 44286
668 232 61812
670 612 21102
434 428 2750
344 879 91752
993 962 22426
999 946 84037
693 103 3086
169 920 69147
292 812 92493
62 651 7884
79 23 72425
198 712 79445
939 126 78844
465 759 66519
398 817 68637
825 163 24479
636 19 77169
496 499 2154
193 734 65959
10 746 6300
583 987 42802
899 63 34447
1 908 79951
671 127 84451
374 51 68664
84 547 10036
668 504 23943
378 109 81602
184 338 77638
640 295 56167
755 33 35602
575 828 42684
530 520 78569
822 446 57772
246 377 83128
38 292 936
772 399 333
673 305 2535
604 536 18430
11 224 77078
341 784 44262
342 707 71681
96 496 89253
936 89 23899
608 278 28141
488 868 18690
365 978 10542
901 492 31806
343 566 74473
867 479 28859
317 794 78784
332 511 48183
183 697 26319
927 507 46536
596 198 13290
577 637 68471
341 733 27426
59 101 83853
950 141 74907
547 234 43836
995 448 24583
271 431 9521
908 643 41312
694 552 70497
774 628 78043
158 72 25874
564 467 52392
874 336 88418
610 195 62648
713 203 71503
680 226 69260
975 797 94917
115 563 22821
596 725 89420
410 344 74961
659 935 41564
250 343 24552
629 175 46709
381 626 41434
451 872 39861
350 539 19895
589 657 28056
839 904 54456
724 362 71380
556 58 56725
95 284 82096
169 228 34765
139 719 95140
642 865 95644
270 190 18678
36 761 48722
856 703 37699
535 238 74666
685 677 33853
604 754 31762
603 137 64025
867 445 90647
169 521 61307
684 909 24953
932 855 18860
59 993 1667
677 755 38259
561 403 58534
124 561 24844
673 914 75962
495 259 67940
791 601 57100
685 580 70260
821 255 10017
610 524 51980
844 116 665
686 68 2612
68 898 75370
104 934 80450
865 646 75528
405 619 43409
1 948 84577
590 972 77011
906 468 2901
895 886 61765
829 548 22528
123 265 42219
163 623 86420
75 977 29230
243 110 96853
139 695 58421
544 647 37221
332 650 21151
198 115 11786
267 221 99344
442 456 51418
816 497 32008
839 604 62581
814 99 41245
797 315 43189
546 398 76826
685 556 18017
895 655 35156
754 303 2169
331 673 52084
24 40 57416
663 21 50061
167 134 8418
123 281 75757
844 333 72020
421 70 19961
635 287 98114
317 148 94092
119 716 86707
102 752 95699
295 861 57267
1 607 39863
895 59 29384
902 161 18400
749 476 58326
5 155 49377
88 128 95093
999 393 37151
609 464 32718
686 856 50465
352 273 93887
666 793 37609
183 15 53373
520 347 57745
714 264 46032
420 965 24653
201 449 37503
327 130 1910
252 805 56353
927 699 55244
821 905 71933
420 308 23212
993 352 88070
108 693 17598
385 811 8994
739 551 64252
535 569 79780
659 928 24086
253 739 27497
732 937 67641
799 248 16511
888 97 89249
516 844 18089
684 567 8037
807 892 92788
820 26 20688
372 311 38927
777 944 23598
537 266 26421
900 98 69813
877 701 71743
725 86 9460
451 410 76188
811 919 27981
303 615 65629
486 129 53529
652 690 7747
84 737 91079
295 866 72236
184 495 1672
673 582 88022
125 918 18375
976 222 38390
759 10 30762
395 851 56278
285 144 25620
838 688 29258
774 691 7633
933 219 91898
671 379 42011
553 64 61377
986 789 22121
355 239 23873
465 698 62308
903 952 14184
696 16 44245
594 267 26660
240 442 53263
973 244 20313
561 611 39055
596 477 78418
671 275 83765
35 533 81641
68 335 78444
221 841 417
260 890 58758
695 326 98767
437 351 40372
967 317 82588
176 543 7509
184 417 7970
632 801 93246
465 681 11875
567 663 37350
904 571 29320
59 93 49817
744 75 1669
370 469 46476
902 11 50464
510 990 23475
478 996 9243
451 200 38987
534 113 81826
909 82 95944
765 953 30334
181 263 4409
652 172 22542
370 753 51607
463 485 65909
420 644 81839
967 454 16335
95 664 77106
538 945 31886
274 214 40811
897 516 815 22 808 708 946 638 274 671 28 325 591 962 45 595 363 694 540 288 143 8 193 853 915 506 182 966 443 141 781 759 175 977 220 570 916 289 54 390 553 359 511 947 176 948 47 938 402 2 988 473 886 700 407 580 69 566 357 343 461 140 350 572 185 940 832 369 108 205 874 235 200 862 78 14 405 102 814 354 965 436 843 113 222 207 945 852 752 249 463 337 320 610 818 555 403 385 776 784
