1000 100
990 387 3880
120 365 38532
255 309 26460
512 741 6393
6 182 12370
440 734 51616
977 586 86363
59 196 36101
82 683 86332
913 848 87011
285 204 11952
632 128 27470
580 605 45247
997 730 26193
977 362 62774
317 270 99971
54 79 99899
649 572 78357
313 592 50070
792 226 11515
765 44 91663
885 701 481
79 92 14615
155 101 67169
926 819 70808
946 716 60599
357 884 4108
434 698 55699
181 757 91279
390 477 57079
629 425 18912
689 56 74360
155 575 93265
220 818 9703
215 623 26977
378 595 94352
820 822 40062
931 333 97030
577 629 71577
109 998 77326
937 928 25783
549 786 53236
901 504 79719
900 694 91133
479 760 39412
902 361 24143
28 144 82292
963 466 79296
917 366 15597
405 940 74555
635 98 53609
40 582 96437
505 66 6340
1000 323 99978
905 675 93310
530 505 66083
345 133 81517
495 526 84690
677 719 32776
252 461 15376
189 751 91489
591 800 50198
804 162 88728
566 82 16214
674 210 11997
618 954 47821
814 994 77833
76 292 29962
870 682 34647
561 78 86105
97 123 87013
88 764 50674
634 846 32548
494 790 40513
951 517 90062
801 134 48386
309 314 77887
252 996 10340
937 742 98429
617 619 8
494 754 84880
447 578 14311
779 979 56825
227 156 31436
806 399 1950
425 163 45863
734 665 32957
901 19 70807
289 714 55007
804 347 606
277 286 91888
742 372 97243
426 743 63263
871 728 56437
626 371 44343
95 904 74526
815 767 66040
706 594 20230
148 568 64258
194 796 45866
521 702 42676
454 707 30079
727 820 15361
707 937 54252
911 413 42233
85 857 84280
772 385 46667
102 914 66856
529 283 15757
158 351 36656
658 501 42799
933 843 83669
132 972 5638
832 185 3051
981 25 31908
247 816 43232
128 762 11723
741 259 56270
494 388 35509
277 658 37451
307 885 79603
146 377 94568
653 729 49655
512 265 47411
210 652 56708
47 703 60645
311 957 17448
942 799 79379
563 659 38627
706 317 23256
419 969 75639
567 921 34450
787 199 78588
379 520 22190
4 54 31456
872 136 30511
803 141 55668
396 961 98453
926 169 10203
125 860 41796
550 460 68634
1 274 78367
535 441 10427
765 11 12855
261 186 87272
373 145 13975
375 766 74533
715 722 50535
495 46 47739
101 516 32016
570 930 61516
320 221 55484
53 558 96657
1 175 67849
538 663 42326
130 422 58528
318 648 75971
158 305 4989
706 100 22486
377 135 70833
467 747 1629
253 521 62316
576 299 8961
715 626 78703
586 235 50223
592 661 29531
954 571 49742
168 272 10367
641 664 88381
179 481 41229
604 243 85362
551 231 87756
707 990 17871
689 657 98639
453 252 50816
388 781 50637
651 627 47368
454 381 3373
76 637 99739
981 705 70595
84 560 79990
523 607 30538
457 765 40898
550 116 99637
523 842 39158
704 807 28505
419 355 22929
268 367 17608
368 958 50886
285 148 26243
893 782 31918
478 624 73580
245 976 36644
3 223 74144
118 429 98634
925 811 53717
981 165 76215
187 853 62953
295 370 11885
864 531 78398
512 402 80671
436 892 27510
419 122 42226
184 28 91902
807 112 3997
533 170 66127
162 264 43650
580 688 58809
617 630 50013
50 971 22343
722 290 36853
578 263 11576
746 137 56169
307 5 87284
787 271 7405
886 214 53060
106 919 19019
398 256 8325
783 859 70102
930 543 40979
778 319 42057
447 581 17630
565 331 65523
101 814 31449
510 699 84226
717 121 53956
634 821 87012
680 139 3431
965 107 25822
333 30 5372
101 147 49564
893 898 43981
247 336 56068
832 529 21177
635 35 7003
91 65 95113
617 589 7022
725 258 78473
959 910 9181
696 812 33745
414 108 49924
842 886 31560
402 104 53290
810 114 83657
624 334 60035
937 720 47922
761 780 79231
931 90 43050
787 960 82198
116 198 4270
224 1000 57452
872 580 36784
190 176 11460
385 673 493
303 332 62570
102 324 86484
475 612 85662
521 912 87789
453 986 16330
484 695 19920
569 597 95117
988 95 21733
507 823 15928
993 457 57779
24 975 46661
839 691 29888
619 64 28667
94 21 16346
467 647 3722
732 797 85881
823 374 94480
242 750 20684
539 229 28674
550 608 52072
285 93 1212
123 948 49250
579 670 7307
467 618 31155
969 679 98462
969 437 93526
688 6 29081
694 411 91363
125 967 63655
283 514 30123
447 838 72787
740 774 51590
853 723 71205
731 676 20306
92 293 41411
245 564 3705
1 634 34580
889 783 13558
201 711 17054
529 440 96770
122 57 59207
392 415 80041
910 37 96750
244 418 5605
537 12 84890
993 358 2151
151 758 75942
1 189 926
440 430 53536
127 447 46518
993 238 37675
494 577 16660
552 666 33827
641 329 28386
635 368 94365
118 267 58918
872 866 76189
106 173 54024
221 3 55872
118 168 70137
618 49 94590
907 409 38589
704 359 85357
372 861 52265
211 458 25577
268 262 83036
89 902 71062
479 715 36196
973 193 40081
119 129 39044
281 951 29629
805 483 93571
981 775 102
551 873 18683
475 599 29053
257 296 32866
890 610 58597
224 239 13171
204 34 85827
787 523 63379
119 915 58404
268 386 33136
627 756 51113
651 10 8106
550 544 70647
470 632 20614
588 322 54789
188 532 21107
209 646 75
490 573 49241
244 593 94832
946 845 28205
835 442 46718
233 576 11326
148 926 70568
686 840 85144
901 851 10723
5 668 36540
510 686 36452
118 655 16218
501 794 90493
42 177 44191
1 635 80773
701 138 2723
65 443 14143
191 697 91709
774 436 39491
573 69 10219
900 693 9679
80 228 90614
533 244 87668
418 154 11476
567 453 20647
864 656 49069
674 918 11399
480 178 82692
602 40 54394
50 713 97466
59 465 78371
977 306 88782
505 117 41202
52 330 13984
912 61 50981
201 91 2143
581 474 39110
442 749 1040
147 364 13932
7 997 15097
656 487 12091
268 539 6911
911 809 65694
233 784 24232
919 636 64766
366 427 9548
566 269 80040
541 869 74770
408 260 54715
295 865 91638
634 55 69113
170 201 29423
431 253 42081
212 206 67218
233 127 49645
774 855 115
835 546 8718
931 301 55099
914 555 80994
535 164 62883
4 934 70659
150 455 37700
905 212 6499
482 131 58826
239 74 6432
763 550 94076
4 909 90266
76 945 97128
301 217 5839
787 992 79889
149 879 78442
500 85 1503
61 995 42372
456 739 26558
750 432 12739
220 924 88796
191 403 19223
992 621 43530
857 150 52261
970 518 8639
560 936 86505
253 596 52797
787 216 92625
500 183 94723
814 953 84286
576 140 23056
313 105 23098
249 616 34790
268 567 68821
810 965 58281
851 479 88870
668 275 97900
814 931 5987
259 620 33580
968 877 15633
592 473 95824
162 803 28191
924 985 28969
76 601 78596
149 495 6923
229 339 37863
814 503 80396
211 802 63056
336 651 70015
440 566 97646
654 15 36204
247 80 27547
696 890 93474
992 896 98094
614 31 63502
238 352 11712
890 393 48663
511 118 66550
889 318 75213
119 867 20469
41 876 45293
864 434 44611
535 710 97839
453 469 8926
864 419 18736
857 124 22095
362 506 93101
59 241 25004
23 687 99617
158 641 89450
885 498 39425
753 788 86719
249 903 8050
362 836 51914
81 768 86837
923 439 68476
235 588 49491
523 379 73553
674 119 72075
236 874 12032
751 894 12854
561 660 1137
428 872 62401
351 776 59050
362 273 31320
947 300 62713
61 188 93541
713 484 89333
216 977 11289
634 476 67920
614 282 42714
461 535 96369
696 83 84202
512 643 84435
391 277 5164
944 294 5942
493 328 15649
893 53 86520
576 159 95377
763 220 29041
943 435 63341
435 222 13442
913 58 33204
287 753 62862
733 246 80593
98 645 39889
480 445 35873
772 494 85231
959 511 52777
902 938 61809
278 126 95447
252 405 11605
322 574 55701
253 549 46329
279 357 33003
965 712 32977
428 761 83353
460 510 74930
897 907 80386
860 451 73565
739 839 34687
538 151 16701
108 350 86101
804 598 27280
635 194 28981
57 191 17808
843 736 52317
688 417 94682
634 613 21612
173 554 6165
178 142 35349
855 227 88087
58 99 53729
271 459 31921
275 653 39662
784 727 92379
769 380 86284
654 943 61961
911 834 6526
80 153 89396
836 893 13541
945 925 39771
565 304 32902
205 342 37157
949 315 717
216 895 76787
618 452 9932
718 833 75959
181 690 72510
842 639 26565
318 43 38325
398 179 99636
407 856 15690
58 672 48017
328 737 13193
814 197 67343
607 160 71935
943 920 51738
454 680 67555
471 152 4065
569 86 16397
602 987 57239
790 47 34228
71 327 34559
851 291 41517
126 966 51257
491 471 693
708 237 70092
63 692 86762
779 755 87548
430 496 81692
895 448 31340
480 735 50175
253 97 6842
591 810 72128
274 166 73674
340 464 46243
247 862 30283
457 561 50443
734 480 66731
389 982 27240
399 830 28864
902 633 67507
534 491 82025
977 158 53223
534 215 62744
162 423 18439
787 804 67781
706 353 39186
178 669 15396
25 541 73837
164 67 49730
470 251 69808
836 81 38715
481 706 27193
89 590 80429
561 76 69844
208 685 88229
460 579 57025
862 770 85190
712 420 88215
965 14 72889
604 38 33591
864 863 93248
634 704 6275
917 700 53456
145 922 2029
714 628 58099
289 444 87731
555 540 63
432 240 45164
379 281 50618
456 772 97356
476 312 98347
438 18 60522
740 831 22500
245 731 83065
784 759 64340
11 400 92755
368 472 81494
84 32 67125
979 390 88618
748 738 59137
1 431 53097
468 881 31647
806 763 41647
915 132 38601
336 983 20701
774 733 84210
761 171 41440
761 407 63065
734 980 99552
61 478 95998
271 245 98746
706 614 84081
815 261 5292
804 467 67167
120 963 70206
408 62 67971
889 236 11296
523 591 20498
561 125 38947
436 279 72513
226 29 84125
649 63 48329
216 408 15385
566 559 36435
950 110 16980
842 337 11712
912 449 68299
607 249 28344
388 789 75871
807 16 7095
835 84 18905
642 468 33555
494 671 98805
209 615 16435
832 806 405
684 208 72661
175 536 99852
320 174 255
706 401 71714
85 689 46587
49 677 28695
160 341 34547
160 502 91850
233 870 67948
97 929 17831
990 583 80459
567 638 63547
353 250 79572
804 71 91015
410 935 12523
125 889 26338
424 297 29503
966 497 50833
189 278 56288
690 882 59320
730 96 49963
912 829 53849
345 871 71645
707 203 12924
530 744 2111
979 808 38968
641 391 28687
512 745 84728
379 674 80042
1 993 34518
798 192 47579
893 155 54354
804 650 13564
599 288 92304
48 984 78096
970 939 33920
86 17 35072
181 557 23143
493 311 72559
216 950 35341
9 51 13513
634 72 83573
649 519 96017
741 913 93449
805 988 45697
242 850 94777
1 787 32923
367 785 57252
749 109 72091
842 48 91037
393 973 24476
255 161 9198
197 70 77320
420 302 50854
845 880 34123
523 268 26411
426 225 90233
536 200 49766
823 955 57230
530 726 66186
521 835 33570
567 310 15873
669 841 99778
4 883 68673
900 26 36799
398 968 81360
567 717 49082
278 900 65253
1 59 18468
467 146 99940
617 622 3715
674 73 38157
520 488 9933
842 395 21960
521 325 60294
885 75 80124
457 587 21080
39 356 11944
818 709 98730
511 308 73708
11 234 11
735 795 42666
911 490 66503
136 752 23509
748 50 57633
160 218 87365
606 525 61827
965 404 47630
460 343 36321
97 974 62050
106 213 53413
832 825 67436
175 143 83719
494 87 95967
444 369 61688
785 111 81771
604 349 55516
740 959 98609
273 773 84056
285 512 51207
952 9 17892
38 22 66517
752 906 76628
325 207 17137
634 911 69370
661 354 10004
969 392 87456
806 509 90635
855 27 7952
523 864 61062
187 383 36167
515 88 55781
527 348 97854
499 360 73247
806 335 2308
688 13 9478
187 908 82124
851 791 90429
622 394 98782
253 45 45242
951 266 11697
453 285 108
613 642 37879
419 181 39739
122 708 54490
106 398 64509
885 412 18948
860 611 70769
398 462 4189
306 406 68099
475 184 32618
990 815 99876
533 167 50409
106 426 651
580 102 25696
224 493 94683
578 858 16294
504 527 34653
760 878 30190
4 528 23857
453 89 76023
980 949 66068
684 740 87332
268 307 26856
608 219 65471
395 397 19013
72 508 86018
170 565 22913
860 68 71663
934 813 12948
273 313 3365
586 363 87669
629 284 35450
701 777 52052
386 120 98893
829 897 72276
724 378 50459
694 681 40917
890 617 2439
748 454 43534
303 962 77686
116 298 54574
208 94 60527
856 486 78188
888 376 58991
888 562 79346
615 584 98152
920 7 66869
453 827 1005
448 801 80492
835 396 50968
144 585 60405
196 837 66542
948 946 12217
566 538 3184
602 257 75438
521 933 6442
627 482 66675
286 33 37708
106 832 42929
550 39 45547
351 547 27309
512 570 9557
449 625 95786
426 414 93323
565 410 90682
787 500 97349
828 180 21689
890 172 78798
607 654 72760
443 868 753
20 389 11059
632 230 6457
227 545 98862
828 916 46548
892 338 4441
832 428 87162
676 844 49122
807 956 90688
886 209 18635
586 970 9156
285 316 75896
928 344 44488
130 952 27969
111 824 2508
666 8 93854
829 553 49094
158 421 41043
398 817 6455
807 36 72407
122 326 8747
208 103 46172
993 130 84440
345 2 18894
1000 724 8965
243 942 51929
804 901 37196
197 725 8083
408 41 113
518 60 76063
497 769 62342
335 991 76467
1 242 28650
496 446 25308
909 416 58840
580 149 15875
774 224 42739
787 917 99706
20 52 19131
984 438 76522
362 888 74726
602 534 90575
457 247 57391
412 875 73064
419 548 9568
460 927 92241
636 644 97782
613 828 17064
604 375 213
387 205 87220
495 321 80048
454 345 32375
337 233 86134
924 606 11185
189 530 79108
864 684 20314
307 373 10694
510 978 516
470 778 27696
865 340 80394
724 640 58308
672 771 56793
724 798 49509
804 805 95264
422 941 60329
160 537 9336
493 556 36396
20 513 22525
945 492 29360
599 248 10107
306 190 11423
198 854 37606
691 115 96999
602 23 38228
883 485 24513
216 303 9854
295 384 94121
817 552 22415
278 649 37568
787 4 49493
379 533 76809
983 964 97953
385 450 92592
4 569 43120
910 255 14058
475 24 33495
273 678 18914
787 475 37208
448 981 43934
740 748 64729
200 563 65741
370 891 83356
883 522 57601
839 276 86308
814 202 91596
431 603 23479
283 604 5533
393 287 60663
216 718 74738
909 254 33738
457 289 16811
148 999 37058
459 232 54570
108 905 67597
602 507 67900
785 887 85120
165 849 66321
538 792 50427
467 320 89842
11 20 17363
567 42 51988
759 280 53964
820 609 30955
173 382 25716
521 662 58140
467 470 96709
15 852 16156
842 947 43237
701 721 56514
550 932 9810
684 696 95637
195 899 38184
696 779 71612
367 187 73890
804 602 65522
310 77 77843
681 542 93350
453 524 90669
920 456 35300
850 989 28249
897 667 74511
949 195 10338
836 346 95476
872 631 92900
452 746 55953
457 489 78171
19 515 23088
710 847 28577
493 499 90534
362 106 36766
337 732 61604
393 793 32214
518 826 86846
885 551 89720
851 295 53695
367 424 35368
582 113 39955
434 211 70139
990 944 92111
337 923 37914
217 600 29658
960 463 29240
959 157 70374
918 433 95178
113 389 166 860 50 234 446 918 349 2 989 932 531 809 877 551 771 874 648 847 781 6 167 819 256 34 126 510 438 913 761 221 187 68 397 960 849 798 432 632 804 280 921 465 83 751 611 800 400 584 233 630 141 60 677 323 183 842 741 7 180 923 858 530 519 649 127 713 263 461 857 688 315 970 954 776 455 5 610 706 206 174 53 981 643 257 248 966 559 801 880 122 997 993 721 123 516 208 699 17
