1000 1000
423 270 63496
677 708 11208
203 31 18589
463 794 8783
504 959 10897
714 222 38273
888 87 50298
934 883 4471
815 493 58556
156 591 55540
916 468 48060
58 481 73550
893 192 88153
109 294 56147
504 425 17665
174 161 67510
870 538 14563
793 129 44895
873 45 49151
272 269 51628
951 616 41471
273 553 79722
211 860 54571
201 743 89889
588 745 27294
368 697 67964
993 96 12711
677 597 52692
855 157 21236
642 114 99612
906 646 94197
781 569 29358
425 742 32532
230 621 42737
282 284 43298
79 884 99295
880 84 41538
882 281 23787
141 103 10054
25 64 18121
187 423 64313
343 357 40980
748 620 15741
429 549 12691
577 109 58459
482 196 30446
925 514 28355
89 131 65435
619 305 57295
583 372 42601
605 232 62702
795 379 98869
410 6 91513
747 59 9273
259 942 68051
984 15 146
778 438 49230
211 324 15366
580 10 67287
697 757 85714
916 413 19089
825 512 40496
928 876 42694
709 257 55899
805 211 54227
840 288 82537
142 70 36978
848 212 14269
902 386 19504
706 735 93751
701 994 85778
875 336 89067
256 340 13077
872 328 66985
905 557 11905
870 13 85414
581 530 1652
778 311 34299
839 19 38739
66 436 43131
291 414 86341
410 637 30883
8 766 94041
271 900 42238
620 681 31304
783 258 78384
625 531 30924
256 246 8234
274 163 61960
892 97 9996
222 208 41059
111 996 91752
368 259 82324
81 670 92118
153 396 95769
554 865 6834
772 7 80330
806 598 62624
858 32 66261
624 518 90474
286 302 76970
40 984 44864
300 771 26576
868 8 94742
283 480 83945
44 889 58364
131 225 59579
283 710 43697
46 36 36508
905 949 77497
495 325 1297
929 816 37054
393 758 46895
666 457 75444
190 416 40485
489 895 11250
945 678 25668
877 649 84715
961 20 87154
714 623 46667
731 973 80667
588 955 8224
825 718 94867
424 795 58691
436 537 52633
8 729 96114
979 937 66254
303 629 21506
510 774 53658
465 99 32005
233 260 89562
977 398 59126
437 886 69708
566 968 69829
916 53 81219
178 551 67135
126 150 19799
686 643 81313
53 524 90627
81 198 68178
27 683 4780
123 176 4712
893 667 24507
280 918 49233
418 894 76259
739 341 83736
916 205 15070
203 783 24388
924 144 65316
555 765 24017
25 563 59151
437 348 48901
66 368 96045
1 650 80114
339 844 90229
742 81 78205
556 160 66894
611 782 70923
233 334 3577
732 304 75630
465 339 80197
429 904 3827
875 919 67559
555 261 33541
658 679 88819
672 692 20696
708 470 13369
543 193 4080
112 220 47501
765 929 69486
424 482 72725
589 238 49629
951 143 51576
783 922 18348
222 811 70318
73 960 8305
325 658 2330
583 561 90282
530 806 58928
636 728 62845
71 902 22606
611 565 72795
683 173 31287
620 454 2262
297 265 9101
346 344 77880
691 611 93612
897 759 48693
64 706 80385
635 788 20738
935 435 90868
987 635 3929
780 546 58234
735 980 98375
408 300 72305
641 159 35335
992 607 95522
817 826 83332
532 640 88706
462 316 60876
902 732 38788
753 401 2334
407 989 86979
634 329 37857
403 951 16300
123 713 2327
738 166 97835
607 349 85982
287 29 13196
399 647 66269
335 965 5400
52 562 87752
399 42 99519
417 355 66279
219 489 47087
848 817 91968
747 475 56987
996 555 90614
976 37 9302
611 167 95386
219 254 21216
178 343 52927
101 148 58846
280 940 36053
740 962 85031
873 787 27566
40 306 94108
8 995 5530
966 609 88133
921 948 25461
642 322 49291
580 213 65214
221 16 74688
863 642 10981
53 510 69311
368 821 70504
868 382 43286
203 183 18633
521 449 28978
798 744 6419
408 432 65736
478 663 4196
273 843 40994
838 479 33241
927 772 58574
974 983 33544
961 400 31200
178 38 66291
370 354 27621
812 722 50676
551 804 27876
899 820 45401
987 491 13224
86 863 68403
504 424 35029
399 221 64232
362 101 94643
667 483 14495
352 177 30613
174 497 97911
501 206 64087
506 585 78602
383 146 38440
755 461 14895
468 730 29161
1 513 94222
902 2 26917
287 134 23112
888 298 49484
433 132 18601
666 216 30108
726 274 84057
84 472 81626
403 417 61000
540 175 6712
64 499 79940
556 44 857
977 873 33282
44 786 54316
944 41 85239
620 140 94735
284 584 56271
391 378 97475
303 407 78048
7 12 25986
921 179 30375
248 870 72873
486 210 93412
902 914 41063
848 156 58007
174 466 66422
688 740 84349
282 251 23214
870 418 85552
227 363 31212
90 95 56159
14 801 22791
472 850 19384
550 464 9046
556 214 1825
572 693 96418
699 614 22548
949 67 8628
700 79 7779
554 24 41297
546 543 28428
246 726 50436
910 506 55658
60 442 47036
282 402 36193
52 880 90342
432 945 82657
887 854 88272
662 30 90424
823 415 48664
42 473 40064
977 868 94120
581 890 76234
871 460 28199
398 83 43257
512 338 21707
873 941 35943
257 519 4480
405 235 69769
173 387 60889
640 426 79119
186 776 36922
446 65 46208
984 248 59212
885 469 81648
316 370 38621
427 847 43766
825 630 3254
254 184 77570
779 669 2529
668 384 795
399 848 68098
77 250 7842
242 411 27701
20 93 66653
6 915 83020
996 290 43171
110 691 33717
413 985 15142
392 501 51392
71 408 63889
518 165 99982
611 351 95658
194 204 68752
655 90 56390
429 749 30999
138 938 25344
68 588 46415
287 172 98295
647 839 11317
256 981 67386
977 639 66333
42 827 45937
203 331 75925
29 463 33753
887 970 84177
595 903 25635
78 332 61516
399 361 59955
650 977 39143
260 567 35083
219 516 81660
759 739 52960
142 178 8762
468 286 18582
70 450 71376
167 645 76244
408 191 45251
8 433 25529
175 119 3955
984 488 60583
965 762 17022
473 82 96680
773 836 57999
485 130 6445
174 556 87457
709 661 48975
855 229 7097
417 680 45973
982 822 44718
924 522 49670
174 335 6468
805 111 88122
27 399 85116
672 4 81717
686 133 41521
471 574 5486
815 459 43604
410 939 81237
868 403 63492
880 60 14167
349 901 84420
145 852 83708
577 358 38184
575 366 24904
786 508 44792
27 174 74541
339 810 9779
110 628 68214
60 490 70909
948 75 35687
529 608 52623
886 978 68775
486 612 67345
977 748 94725
795 864 44544
249 85 12104
221 689 96878
40 605 83195
997 532 91097
464 295 63095
146 644 21567
681 76 71465
5 975 2520
805 40 5311
526 287 29458
868 197 87089
747 655 69080
68 409 45647
128 453 99579
398 443 76897
704 777 43107
142 202 90567
707 187 9518
842 486 48447
878 124 59565
467 834 58366
569 240 56665
443 376 15180
736 63 56331
638 666 4628
870 780 87763
556 139 98895
618 327 62473
638 104 45328
875 712 98788
142 703 14498
84 665 74580
795 566 52672
815 478 42003
600 812 74163
169 587 90763
787 303 75835
301 933 86682
233 28 95705
502 390 25791
972 39 99308
6 319 83117
748 736 83329
678 572 11697
182 185 12067
229 494 49411
744 73 66647
871 858 41597
1 27 82496
546 578 55455
686 536 64694
500 651 96428
720 21 23082
215 164 93665
556 456 50913
129 768 6390
935 380 48261
977 35 52876
521 752 87560
690 936 29019
834 364 51677
783 231 16397
328 784 40347
252 622 63466
655 421 64308
250 907 52027
304 500 57096
984 699 51521
760 445 9270
183 455 98804
888 244 64315
676 55 33107
7 427 58664
808 23 50215
797 947 56386
252 853 4439
95 253 2771
584 719 86925
425 707 1464
907 631 97563
544 393 16648
467 842 44408
486 673 11315
496 750 34587
310 391 29193
488 356 24189
942 767 96686
405 14 10974
641 100 85110
677 659 64944
20 654 2170
29 999 80285
456 377 99262
278 11 7581
805 465 44937
514 653 19656
845 404 50830
257 892 83885
327 277 38092
248 46 38151
76 698 68387
848 818 67695
283 872 11178
118 458 22974
893 381 20582
816 545 85325
84 525 91716
583 711 77716
421 113 85667
403 779 89317
89 34 68107
744 552 98204
569 352 58272
260 373 47207
583 972 76511
442 618 46026
110 600 98417
605 648 51101
405 823 27406
924 987 42159
142 720 86335
583 437 56691
465 897 41495
167 255 90309
816 169 8794
519 849 38179
242 105 27715
847 923 8875
890 517 64393
454 931 9871
478 511 59967
903 727 23406
259 392 59772
825 905 88811
143 535 88184
382 71 40013
872 138 2530
619 789 7704
550 234 63950
717 734 24949
146 273 13163
784 118 11327
526 375 18442
921 701 92619
269 837 85299
6 773 20148
565 241 77335
292 330 46603
381 664 81663
245 824 47936
382 128 61418
596 595 30030
734 359 92981
984 893 83038
777 998 33469
620 926 57718
805 966 74508
853 675 98239
197 979 69836
221 920 17986
716 925 5042
209 272 85263
112 866 57791
828 154 3140
344 395 74847
662 656 20507
403 523 15063
504 568 69969
521 189 63036
810 194 67222
798 383 91412
60 687 88300
283 619 43197
899 550 50658
432 419 8185
510 33 57440
699 769 89452
485 751 81049
996 309 33354
779 153 35671
361 964 57228
971 405 19944
233 266 958
701 333 82587
310 838 9104
916 944 69256
977 219 30448
66 967 35222
286 278 90613
159 954 69035
36 809 86459
413 190 34602
159 982 4329
979 807 42145
698 509 81284
613 908 28458
767 362 24469
488 342 45604
260 974 47498
512 434 63845
80 507 84100
1 256 20454
711 721 45504
468 950 22891
902 835 77736
764 43 14348
633 991 38011
83 252 32271
577 293 85048
314 429 89269
697 932 42764
559 930 66647
825 474 37529
948 756 6912
190 314 19252
141 715 23025
198 881 56760
563 684 29074
45 271 50584
467 127 86153
669 856 98491
347 813 44959
28 201 22522
910 695 79753
905 871 86998
219 910 25488
490 617 67853
701 313 54080
711 48 89792
919 218 15869
253 845 83113
475 874 98788
798 337 65600
334 503 51195
848 961 83262
219 657 85002
683 674 65903
382 672 35289
66 971 14965
262 946 16875
74 112 25518
709 68 5140
977 805 13884
132 476 28846
439 80 94201
823 581 57502
465 471 68733
781 86 10151
938 831 16403
944 590 37820
971 446 67802
259 276 8670
45 444 33109
380 606 63057
82 928 65091
343 589 54604
778 171 95549
686 452 54371
927 988 50434
929 990 28780
328 230 13141
468 579 48605
894 601 73131
380 796 56627
462 723 3450
160 521 64064
466 215 65946
306 323 5321
209 685 40760
611 310 88361
501 571 89970
281 564 90168
996 199 40797
684 9 27025
256 308 50179
203 126 40308
655 301 52834
677 911 6827
590 347 88092
437 228 55687
7 54 67236
798 237 67666
851 714 42897
925 282 47304
83 547 57431
752 487 50206
969 107 16083
950 841 79442
376 694 41242
951 636 72483
405 448 88570
522 594 67256
236 152 71424
63 495 85619
191 406 22488
732 397 96785
343 610 39139
714 624 7086
639 583 67006
463 345 49076
902 875 43853
866 318 59299
664 725 23932
905 668 36769
672 548 10425
342 533 28423
795 236 54174
934 385 20403
740 62 98190
436 921 42279
632 952 39791
77 116 71163
343 504 26149
686 394 64660
855 755 50815
60 602 71463
578 106 77710
523 18 40046
120 963 92536
798 992 54484
153 857 63408
304 634 15092
44 593 68650
226 299 78352
620 77 89023
700 180 39180
261 912 49624
443 613 36257
264 505 45162
998 430 43645
672 123 10189
260 498 16391
248 526 35221
866 615 48335
66 731 94257
5 439 66673
453 953 88658
683 898 17031
473 47 32292
935 704 70486
382 25 64883
977 676 561
4 162 45422
975 879 79464
419 58 84281
156 280 58984
681 716 21703
400 770 45353
408 477 46581
523 181 67546
784 420 70066
364 529 30605
869 528 30215
239 969 606
806 660 75875
7 451 89444
189 447 37437
903 515 38993
760 264 12481
534 785 98325
900 573 38887
382 186 98379
446 262 66462
498 652 71612
231 582 21420
935 539 62820
274 149 16005
555 223 86407
368 888 97951
872 833 4642
549 558 11960
146 527 50673
569 360 97626
399 627 32473
647 633 44119
139 867 47866
437 485 5291
197 243 44794
595 291 63355
761 17 91703
66 142 35371
258 662 27507
398 764 45437
21 800 17382
147 738 64351
356 603 11579
161 855 36911
644 412 73761
620 5 19049
817 829 72163
221 431 85733
58 57 9306
761 195 9910
783 52 78299
748 155 30293
79 263 62009
577 625 28116
635 239 10871
335 638 94638
827 207 58399
644 121 31538
429 641 70942
929 993 60992
487 441 61245
141 899 9915
348 350 26554
687 136 37260
226 846 92236
392 369 8506
349 560 794
398 233 16415
583 74 65480
275 554 40321
290 799 3904
872 577 78816
670 815 68075
634 690 97699
637 733 26503
302 520 55340
707 626 10695
208 371 4365
361 803 600
278 56 75827
569 279 92412
902 249 38243
2 102 49123
868 709 25950
95 3 23552
411 388 79223
780 317 72135
475 26 3627
873 108 86153
174 115 76611
266 909 39835
897 997 84133
620 296 30475
971 462 36429
63 534 96086
859 122 43189
126 760 89364
109 267 96655
48 292 64228
182 502 26114
781 312 58490
797 832 38647
801 677 47825
839 830 95613
233 791 9059
734 170 89519
834 540 45511
951 268 56840
203 49 27308
223 906 97856
721 209 72651
243 389 8516
497 671 29031
681 110 60905
961 570 76114
60 315 96774
6 307 52635
843 428 98962
111 226 15699
977 825 16795
880 869 69450
335 761 40933
526 89 61574
888 283 79993
260 753 49383
443 147 18648
455 69 15973
401 797 47014
534 596 42541
895 320 73451
443 819 50905
40 51 47880
566 374 3702
199 217 82578
138 862 35572
468 686 12072
338 737 17224
304 943 21435
264 200 13196
311 599 83214
343 88 74408
66 924 14933
764 896 73095
748 544 66642
439 242 21954
103 98 59880
4 135 65459
282 92 95244
992 781 80066
855 575 43396
933 367 18439
346 245 67869
503 724 70073
364 700 72523
658 145 18270
170 289 63413
905 410 64873
691 778 82319
143 72 24068
89 137 7556
795 576 11749
64 790 15396
443 851 64321
252 705 44062
426 956 77410
823 754 3289
605 321 65813
264 158 99881
787 976 31778
357 913 66948
203 120 68080
801 151 27992
670 877 77342
398 916 32271
410 484 96900
532 440 7164
955 935 83314
302 188 96764
867 802 21612
932 891 44827
105 542 13829
715 94 75177
872 808 31443
546 592 39450
855 747 74123
401 696 75403
443 224 71677
190 22 68620
600 746 99011
689 792 75084
971 50 78753
416 586 91652
644 61 88600
340 247 59487
987 297 81979
191 917 65817
890 496 16222
108 741 89289
441 861 2684
866 346 18442
161 798 91349
454 957 57382
111 702 92473
993 814 92116
237 168 21987
418 125 75384
676 927 96821
111 182 13582
650 66 33802
183 1000 8069
186 882 82989
296 859 43581
607 326 47620
972 353 22712
298 580 89330
355 541 46869
258 958 7633
249 275 56766
490 775 89525
27 467 80485
546 682 63322
593 117 62666
368 203 91947
691 559 7718
174 763 77569
767 422 91904
995 887 58477
893 285 43605
455 878 30715
846 885 48726
358 78 95747
761 365 97048
760 793 80554
782 717 10111
478 828 98927
805 632 68560
77 688 54530
302 492 50472
281 986 58445
334 604 57356
783 91 84718
203 141 23949
301 227 12499
268 840 54391
513 934 29310
93 890 429 237 416 155 887 569 635 70 463 670 440 454 847 918 71 277 290 788 104 959 866 175 719 306 165 196 206 825 613 986 247 244 498 653 821 170 231 745 735 229 561 594 212 800 177 854 761 166 457 855 392 935 218 239 422 707 360 101 162 79 943 781 552 704 295 448 989 254 442 565 759 476 675 756 67 252 69 662 368 271 921 539 916 695 297 258 903 880 530 305 544 420 718 172 551 92 443 478 279 6 285 586 357 649 409 383 949 286 112 136 143 834 118 181 873 767 597 2 425 1 694 59 358 381 656 650 623 762 520 747 753 333 492 542 131 917 344 401 527 558 251 502 553 786 400 199 588 88 185 127 720 851 35 396 49 341 398 80 198 560 28 122 223 593 65 350 655 620 287 519 329 722 372 452 850 814 288 180 910 715 932 559 34 33 960 590 395 291 293 21 634 848 462 872 974 278 68 615 621 713 111 685 977 376 779 507 179 451 867 340 971 54 658 58 173 808 922 431 37 53 857 909 674 417 930 135 840 427 268 906 861 666 238 61 4 912 990 836 141 958 335 631 446 505 572 965 625 89 609 432 763 624 798 580 114 835 659 266 267 227 168 116 248 338 211 566 157 534 220 725 967 343 700 585 379 310 506 213 263 817 103 270 214 273 961 186 775 545 785 852 382 804 113 647 992 158 514 187 962 998 393 899 587 889 619 789 313 710 874 641 897 983 215 275 807 48 9 390 73 591 171 567 884 676 927 373 159 531 493 608 681 645 78 302 300 705 546 467 997 671 460 253 280 62 680 503 928 75 361 115 147 197 540 121 234 484 765 309 742 728 629 191 995 879 97 793 188 547 843 630 315 913 777 525 632 538 19 973 36 936 603 543 334 982 686 856 702 308 876 474 152 473 639 240 148 481 365 555 124 332 356 216 145 189 510 946 386 42 784 464 844 471 370 891 190 907 207 554 738 859 802 433 447 616 337 30 638 437 644 875 137 947 942 450 709 355 864 282 311 764 599 521 792 154 541 322 952 749 791 326 90 883 562 611 110 423 837 289 703 529 508 449 225 316 96 924 699 663 1000 885 750 435 26 944 14 737 626 419 64 336 518 898 348 627 500 439 770 50 806 893 871 453 387 796 438 758 7 204 571 494 948 325 799 574 956 319 45 469 366 436 849 511 976 972 167 698 444 150 602 230 595 499 472 908 803 564 581 882 813 10 987 388 412 863 8 43 477 109 536 660 303 490 690 651 712 805 100 63 46 272 684 905 321 16 362 169 752 345 402 999 954 697 123 610 687 865 102 142 941 294 232 482 415 535 915 76 497 963 575 822 721 975 193 318 823 980 652 24 221 317 235 592 878 424 668 298 359 582 955 233 824 612 637 487 414 979 769 408 107 838 194 693 117 130 418 886 195 966 636 772 563 741 222 748 491 556 515 219 11 128 787 513 55 283 224 182 200 526 39 410 354 134 330 689 842 846 754 901 163 729 548 869 13 397 91 426 517 828 900 375 524 509 389 994 926 723 249 881 755 174 504 677 888 349 399 726 773 730 259 428 734 60 201 99 583 895 485 138 991 352 413 242 183 911 933 570 598 262 51 732 475 323 23 40 44 964 203 160 217 178 292 523 654 934 919 657 683 445 860 281 815 607 819 978 604 405 236 902 862 301 176 501 679 537 27 202 161 648 331 245 714 119 120 820 811 378 929 209 957 132 920 260 643 605 210 353 243 622 441 896 125 528 904 768 533 584 667 827 364 479 456 839 573 739 664 41 241 347 596 868 82 512 985 589 56 661 740 52 133 144 421 434 126 304 265 129 371 816 32 614 771 468 691 94 701 853 692 299 246 459 780 156 711 284 577 578 391 776 312 579 969 831 830 108 778 192 731 106 470 774 996 678 576 914 993 363 324 940 351 923 307 140 72 455 346 601 736 516 342 937 665 766 29 488 706 925 320 818 480 255 724 783 208 411 760 18 568 256 877 403 257 495 600 746 797 953 716 496 328 550 367 751 672 466 77 458 841 858 717 84 696 826 829 66 810 984 87 430 988 384 274 465 164 673 968 646 47 339 606 950 264 845 981 743 314 404 22 708 98 25 57 250 892 682 757 870 489 205 727 633 380 327 83 38 617 812 153 522 226 3 833 12 782 640 105 801 261 85 486 461 276 939 733 184 74 228 407 149 790 377 374 931 894 744 945 20 81 951 970 394 406 688 86 628 146 269 31 809 549 17 369 532 794 139 669 832 5 151 795 385 95 296 557 15 618 483 642 938
